string
harmonic number mrad integrated counts in delta E harmonic in nm delta E/E
16.0 1.8585932187433127 999090953.0 0.48637665331680324 0.009728787159676185
17.0 1.852619877624603 890415842.0 0.47298609177119744 0.010035962431796655
18.0 1.7765172339996393 691199410.0 0.46056802910879924 0.010339453590536923
19.0 1.675375808657412 543599606.0 0.44904765772319877 0.010638751450749918
20.0 1.6078900507607496 460569385.0 0.43835017000800036 0.010933538956616145
21.0 1.5625415380844334 380205257.0 0.42840075835680125 0.011223542110262658
22.0 1.4612215909348878 246441003.0 0.41912461516319865 0.011508424863633387
23.0 1.552088987714494 236987802.0 0.4104469328207969 0.011787713479985135
24.0 1.6257428970538297 189573336.0 0.40236771132960314 0.012062984065926183
25.0 1.710816317208161 156193336.0 0.39481214308320745 0.012333619101174587
26.0 1.874082421841488 132434268.0 0.3877054204752035 0.012598736421624518
27.0 2.2747465872743162 115013124.0 0.38104754350559844 0.01285969116331148
28.0 12.065601477342783 103606143.0 0.3747637045680001 0.013115290133907345
29.0 14.96993151652344 97004054.0 0.3688539036623979 0.013366733235542423
30.0 17.89686577654553 92439410.0 0.3632433331824032 0.01361246073956192
31.0 21.5537789387307 88904031.0 0.3579319931279983 0.013853473870503761
32.0 23.097436187362007 85774415.0 0.35299469110559656 0.014093788783777868
