0.0000e+00 0.0000e+00
8.5449e-03 3.3460e+04
1.7090e-02 3.3495e+04
2.5635e-02 3.3834e+04
3.4180e-02 3.3882e+04
4.2725e-02 3.4043e+04
5.1270e-02 3.4017e+04
5.9814e-02 3.3963e+04
6.8359e-02 3.4218e+04
7.6904e-02 3.4233e+04
8.5449e-02 3.3818e+04
9.3994e-02 3.3885e+04
1.0254e-01 3.4322e+04
1.1108e-01 3.4675e+04
1.1963e-01 3.4773e+04
1.2817e-01 3.4626e+04
1.3672e-01 3.4744e+04
1.4526e-01 3.4316e+04
1.5381e-01 3.4469e+04
1.6235e-01 3.2797e+04
1.7090e-01 2.3189e+04
1.7944e-01 1.3536e+04
1.8799e-01 3.9924e+03
1.9653e-01 -6.3085e+03
2.0508e-01 -6.7432e+03
2.1362e-01 -6.5591e+03
2.2217e-01 -6.3390e+03
2.3071e-01 -6.3989e+03
2.3926e-01 -6.2608e+03
2.4780e-01 -6.1041e+03
2.5635e-01 -6.2271e+03
2.6489e-01 -6.3057e+03
2.7344e-01 -6.3289e+03
2.8198e-01 -5.9688e+03
2.9053e-01 -6.2880e+03
2.9907e-01 -6.1476e+03
3.0762e-01 -6.2067e+03
3.1616e-01 -6.0009e+03
3.2471e-01 -6.4357e+03
3.3325e-01 -6.6385e+03
3.4180e-01 -6.6938e+03
3.5034e-01 -6.2393e+03
3.5889e-01 -6.2102e+03
3.6743e-01 -6.3614e+03
3.7598e-01 -6.6632e+03
3.8452e-01 -6.6273e+03
3.9307e-01 -5.8957e+03
4.0161e-01 -6.0689e+03
4.1016e-01 -6.2815e+03
4.1870e-01 -6.7302e+03
4.2725e-01 -6.9193e+03
4.3579e-01 -7.1496e+03
4.4434e-01 -6.5445e+03
4.5288e-01 -6.3940e+03
4.6143e-01 -6.5613e+03
4.6997e-01 -6.2554e+03
4.7852e-01 -6.7960e+03
4.8706e-01 -7.2226e+03
4.9561e-01 -7.3894e+03
5.0415e-01 -7.0423e+03
5.1270e-01 -6.7703e+03
5.2124e-01 -6.5835e+03
5.2979e-01 -6.4684e+03
5.3833e-01 -6.7661e+03
5.4688e-01 -6.8192e+03
5.5542e-01 -6.7186e+03
5.6396e-01 -7.0226e+03
5.7251e-01 -6.7604e+03
5.8105e-01 -7.2560e+03
5.8960e-01 -7.8595e+03
5.9814e-01 -7.5474e+03
6.0669e-01 -7.0103e+03
6.1523e-01 -7.1993e+03
6.2378e-01 -6.8119e+03
6.3232e-01 -7.5103e+03
6.4087e-01 -7.5421e+03
6.4941e-01 -6.9548e+03
6.5796e-01 -6.9569e+03
6.6650e-01 -7.0507e+03
6.7505e-01 -7.1905e+03
6.8359e-01 -6.5508e+03
6.9214e-01 -6.5655e+03
7.0068e-01 -6.5575e+03
7.0923e-01 -6.4220e+03
7.1777e-01 -6.6442e+03
7.2632e-01 -6.3589e+03
7.3486e-01 -6.7445e+03
7.4341e-01 -6.6821e+03
7.5195e-01 -6.9194e+03
7.6050e-01 -6.8865e+03
7.6904e-01 -7.1390e+03
7.7759e-01 -7.2464e+03
7.8613e-01 -7.2599e+03
7.9468e-01 -6.9928e+03
8.0322e-01 -6.7822e+03
8.1177e-01 -6.8231e+03
8.2031e-01 -6.4229e+03
8.2886e-01 -6.4710e+03
8.3740e-01 -6.5203e+03
8.4595e-01 -6.3261e+03
8.5449e-01 -6.2663e+03
8.6304e-01 -6.0161e+03
8.7158e-01 -6.0831e+03
8.8013e-01 -6.4581e+03
8.8867e-01 -6.4262e+03
8.9722e-01 -6.1292e+03
9.0576e-01 -6.0219e+03
9.1431e-01 -6.0092e+03
9.2285e-01 -5.3385e+03
9.3140e-01 -4.5880e+03
9.3994e-01 -3.0577e+03
9.4849e-01 -1.4324e+03
9.5703e-01 4.5735e+02
9.6558e-01 2.6952e+03
9.7412e-01 3.7695e+03
9.8267e-01 4.6566e+03
9.9121e-01 5.7577e+03
9.9976e-01 6.5071e+03
1.0083e+00 6.7895e+03
1.0168e+00 7.6015e+03
1.0254e+00 8.5944e+03
1.0339e+00 9.9934e+03
1.0425e+00 1.1095e+04
1.0510e+00 1.1279e+04
1.0596e+00 1.1689e+04
1.0681e+00 1.2821e+04
1.0767e+00 1.3852e+04
1.0852e+00 1.4974e+04
1.0938e+00 1.6055e+04
1.1023e+00 1.7056e+04
1.1108e+00 1.8283e+04
1.1194e+00 1.9631e+04
1.1279e+00 2.0673e+04
1.1365e+00 2.0467e+04
1.1450e+00 2.0718e+04
1.1536e+00 2.1451e+04
1.1621e+00 2.1257e+04
1.1707e+00 2.0648e+04
1.1792e+00 2.0250e+04
1.1877e+00 2.0362e+04
1.1963e+00 2.0377e+04
1.2048e+00 2.0433e+04
1.2134e+00 2.0777e+04
1.2219e+00 2.0321e+04
1.2305e+00 1.9826e+04
1.2390e+00 2.0034e+04
1.2476e+00 2.1106e+04
1.2561e+00 2.1929e+04
1.2646e+00 2.1937e+04
1.2732e+00 2.2299e+04
1.2817e+00 2.1441e+04
1.2903e+00 2.1845e+04
1.2988e+00 2.2168e+04
1.3074e+00 2.2474e+04
1.3159e+00 2.3034e+04
1.3245e+00 2.3063e+04
1.3330e+00 2.3213e+04
1.3416e+00 2.2609e+04
1.3501e+00 2.3400e+04
1.3586e+00 2.3720e+04
1.3672e+00 2.3496e+04
1.3757e+00 2.3503e+04
1.3843e+00 2.3902e+04
1.3928e+00 2.3794e+04
1.4014e+00 2.3652e+04
1.4099e+00 2.4140e+04
1.4185e+00 2.4358e+04
1.4270e+00 2.4475e+04
1.4355e+00 2.4581e+04
1.4441e+00 2.4391e+04
1.4526e+00 2.4379e+04
1.4612e+00 2.4063e+04
1.4697e+00 2.4704e+04
1.4783e+00 2.4760e+04
1.4868e+00 2.3859e+04
1.4954e+00 2.3428e+04
1.5039e+00 2.3935e+04
1.5125e+00 2.4080e+04
1.5210e+00 2.4475e+04
1.5295e+00 2.4653e+04
1.5381e+00 2.4800e+04
1.5466e+00 2.5693e+04
1.5552e+00 2.6591e+04
1.5637e+00 2.6076e+04
1.5723e+00 2.6290e+04
1.5808e+00 2.7170e+04
1.5894e+00 2.7354e+04
1.5979e+00 2.7085e+04
1.6064e+00 2.7324e+04
1.6150e+00 2.6909e+04
1.6235e+00 2.6733e+04
1.6321e+00 2.6592e+04
1.6406e+00 2.6836e+04
1.6492e+00 2.7302e+04
1.6577e+00 2.8057e+04
1.6663e+00 2.7808e+04
1.6748e+00 2.7964e+04
1.6833e+00 2.8133e+04
1.6919e+00 2.8708e+04
1.7004e+00 2.8852e+04
1.7090e+00 2.9592e+04
1.7175e+00 2.9339e+04
1.7261e+00 2.9398e+04
1.7346e+00 2.9795e+04
1.7432e+00 3.0420e+04
1.7517e+00 3.0730e+04
1.7603e+00 3.0884e+04
1.7688e+00 3.1021e+04
1.7773e+00 3.1180e+04
1.7859e+00 3.1343e+04
1.7944e+00 3.0838e+04
1.8030e+00 3.0100e+04
1.8115e+00 2.9793e+04
1.8201e+00 2.9988e+04
1.8286e+00 2.9651e+04
1.8372e+00 2.9407e+04
1.8457e+00 2.9197e+04
1.8542e+00 2.9835e+04
1.8628e+00 3.1137e+04
1.8713e+00 3.2671e+04
1.8799e+00 3.3040e+04
1.8884e+00 3.2808e+04
1.8970e+00 3.2883e+04
1.9055e+00 3.2374e+04
1.9141e+00 3.1669e+04
1.9226e+00 3.1696e+04
1.9312e+00 3.2696e+04
1.9397e+00 3.2992e+04
1.9482e+00 3.2859e+04
1.9568e+00 3.2108e+04
1.9653e+00 3.1839e+04
1.9739e+00 3.0757e+04
1.9824e+00 3.0467e+04
1.9910e+00 3.2196e+04
1.9995e+00 3.4809e+04
2.0081e+00 3.5347e+04
2.0166e+00 3.5131e+04
2.0251e+00 3.5775e+04
2.0337e+00 3.6067e+04
2.0422e+00 3.6334e+04
2.0508e+00 3.6676e+04
2.0593e+00 3.7116e+04
2.0679e+00 3.6621e+04
2.0764e+00 3.6782e+04
2.0850e+00 3.6475e+04
2.0935e+00 3.6618e+04
2.1021e+00 3.7502e+04
2.1106e+00 3.7382e+04
2.1191e+00 3.7752e+04
2.1277e+00 3.7519e+04
2.1362e+00 3.7067e+04
2.1448e+00 3.7656e+04
2.1533e+00 3.8450e+04
2.1619e+00 3.8817e+04
2.1704e+00 3.8307e+04
2.1790e+00 3.8047e+04
2.1875e+00 3.8007e+04
2.1960e+00 3.8125e+04
2.2046e+00 3.7016e+04
2.2131e+00 3.6687e+04
2.2217e+00 3.7372e+04
2.2302e+00 3.7699e+04
2.2388e+00 3.8251e+04
2.2473e+00 3.8380e+04
2.2559e+00 3.9357e+04
2.2644e+00 3.9766e+04
2.2729e+00 3.9730e+04
2.2815e+00 3.9233e+04
2.2900e+00 4.0050e+04
2.2986e+00 4.0361e+04
2.3071e+00 4.0010e+04
2.3157e+00 4.0588e+04
2.3242e+00 4.1711e+04
2.3328e+00 4.1848e+04
2.3413e+00 4.1999e+04
2.3499e+00 4.2225e+04
2.3584e+00 4.1655e+04
2.3669e+00 4.1738e+04
2.3755e+00 4.1435e+04
2.3840e+00 4.2016e+04
2.3926e+00 4.2234e+04
2.4011e+00 4.2628e+04
2.4097e+00 4.3688e+04
2.4182e+00 4.4346e+04
2.4268e+00 4.4294e+04
2.4353e+00 4.3743e+04
2.4438e+00 4.4005e+04
2.4524e+00 4.3948e+04
2.4609e+00 4.3581e+04
2.4695e+00 4.3949e+04
2.4780e+00 4.3433e+04
2.4866e+00 4.3082e+04
2.4951e+00 4.4007e+04
2.5037e+00 4.4373e+04
2.5122e+00 4.4593e+04
2.5208e+00 4.4646e+04
2.5293e+00 4.5132e+04
2.5378e+00 4.5489e+04
2.5464e+00 4.5900e+04
2.5549e+00 4.6897e+04
2.5635e+00 4.7291e+04
2.5720e+00 4.7254e+04
2.5806e+00 4.6940e+04
2.5891e+00 4.6229e+04
2.5977e+00 4.6246e+04
2.6062e+00 4.5706e+04
2.6147e+00 4.6148e+04
2.6233e+00 4.5298e+04
2.6318e+00 4.6816e+04
2.6404e+00 4.7729e+04
2.6489e+00 4.7666e+04
2.6575e+00 4.8043e+04
2.6660e+00 4.8291e+04
2.6746e+00 4.9270e+04
2.6831e+00 4.9309e+04
2.6917e+00 4.9020e+04
2.7002e+00 4.8444e+04
2.7087e+00 4.7717e+04
2.7173e+00 4.7501e+04
2.7258e+00 4.8074e+04
2.7344e+00 4.9127e+04
2.7429e+00 5.0169e+04
2.7515e+00 5.0584e+04
2.7600e+00 5.1389e+04
2.7686e+00 5.0611e+04
2.7771e+00 5.0909e+04
2.7856e+00 5.2292e+04
2.7942e+00 5.1685e+04
2.8027e+00 5.0743e+04
2.8113e+00 4.9977e+04
2.8198e+00 5.0708e+04
2.8284e+00 5.1394e+04
2.8369e+00 5.1269e+04
2.8455e+00 5.1475e+04
2.8540e+00 5.1747e+04
2.8625e+00 5.2272e+04
2.8711e+00 5.3472e+04
2.8796e+00 5.3563e+04
2.8882e+00 5.3672e+04
2.8967e+00 5.4562e+04
2.9053e+00 5.4817e+04
2.9138e+00 5.4283e+04
2.9224e+00 5.3681e+04
2.9309e+00 5.3725e+04
2.9395e+00 5.3663e+04
2.9480e+00 5.4316e+04
2.9565e+00 5.3710e+04
2.9651e+00 5.3654e+04
2.9736e+00 5.4841e+04
2.9822e+00 5.5822e+04
2.9907e+00 5.5540e+04
2.9993e+00 5.5720e+04
3.0078e+00 5.6484e+04
3.0164e+00 5.7284e+04
3.0249e+00 5.7553e+04
3.0334e+00 5.8481e+04
3.0420e+00 5.7019e+04
3.0505e+00 5.6496e+04
3.0591e+00 5.6392e+04
3.0676e+00 5.6818e+04
3.0762e+00 5.6352e+04
3.0847e+00 5.6748e+04
3.0933e+00 5.7248e+04
3.1018e+00 5.6063e+04
3.1104e+00 5.4930e+04
3.1189e+00 5.5995e+04
3.1274e+00 5.8057e+04
3.1360e+00 5.9293e+04
3.1445e+00 5.9319e+04
3.1531e+00 5.9759e+04
3.1616e+00 6.0665e+04
3.1702e+00 6.1199e+04
3.1787e+00 6.1603e+04
3.1873e+00 6.1869e+04
3.1958e+00 6.2293e+04
3.2043e+00 6.1814e+04
3.2129e+00 6.0845e+04
3.2214e+00 6.1537e+04
3.2300e+00 6.2134e+04
3.2385e+00 6.2020e+04
3.2471e+00 6.2588e+04
3.2556e+00 6.3170e+04
3.2642e+00 6.3595e+04
3.2727e+00 6.3304e+04
3.2812e+00 6.4000e+04
3.2898e+00 6.4722e+04
3.2983e+00 6.6112e+04
3.3069e+00 6.7194e+04
3.3154e+00 6.6848e+04
3.3240e+00 6.7063e+04
3.3325e+00 6.7546e+04
3.3411e+00 6.6477e+04
3.3496e+00 6.5413e+04
3.3582e+00 6.6422e+04
3.3667e+00 6.7072e+04
3.3752e+00 6.5781e+04
3.3838e+00 6.3138e+04
3.3923e+00 6.2745e+04
3.4009e+00 6.3909e+04
3.4094e+00 6.5955e+04
3.4180e+00 6.5695e+04
3.4265e+00 6.4970e+04
3.4351e+00 6.4157e+04
3.4436e+00 6.4939e+04
3.4521e+00 6.5821e+04
3.4607e+00 6.6658e+04
3.4692e+00 6.7974e+04
3.4778e+00 6.8855e+04
3.4863e+00 6.8503e+04
3.4949e+00 6.8619e+04
3.5034e+00 6.9716e+04
3.5120e+00 6.9827e+04
3.5205e+00 7.0964e+04
3.5291e+00 7.1516e+04
3.5376e+00 7.1177e+04
3.5461e+00 7.0669e+04
3.5547e+00 7.1210e+04
3.5632e+00 7.1977e+04
3.5718e+00 7.2748e+04
3.5803e+00 7.3233e+04
3.5889e+00 7.3475e+04
3.5974e+00 7.3830e+04
3.6060e+00 7.3800e+04
3.6145e+00 7.3731e+04
3.6230e+00 7.4713e+04
3.6316e+00 7.5353e+04
3.6401e+00 7.5159e+04
3.6487e+00 7.4763e+04
3.6572e+00 7.5845e+04
3.6658e+00 7.6665e+04
3.6743e+00 7.7115e+04
3.6829e+00 7.7571e+04
3.6914e+00 7.8238e+04
3.7000e+00 7.9535e+04
3.7085e+00 7.8761e+04
3.7170e+00 7.8329e+04
3.7256e+00 7.7873e+04
3.7341e+00 7.6342e+04
3.7427e+00 7.6300e+04
3.7512e+00 7.6950e+04
3.7598e+00 7.7649e+04
3.7683e+00 7.8584e+04
3.7769e+00 7.9198e+04
3.7854e+00 7.9971e+04
3.7939e+00 7.9937e+04
3.8025e+00 7.9887e+04
3.8110e+00 7.9625e+04
3.8196e+00 7.9248e+04
3.8281e+00 8.0281e+04
3.8367e+00 8.1171e+04
3.8452e+00 7.9692e+04
3.8538e+00 7.9888e+04
3.8623e+00 8.0922e+04
3.8708e+00 8.1237e+04
3.8794e+00 8.2010e+04
3.8879e+00 8.2197e+04
3.8965e+00 8.2211e+04
3.9050e+00 8.3513e+04
3.9136e+00 8.2800e+04
3.9221e+00 8.2538e+04
3.9307e+00 8.2825e+04
3.9392e+00 8.2885e+04
3.9478e+00 8.3513e+04
3.9563e+00 8.3710e+04
3.9648e+00 8.2967e+04
3.9734e+00 8.3660e+04
3.9819e+00 8.5018e+04
3.9905e+00 8.5582e+04
3.9990e+00 8.4873e+04
4.0076e+00 8.4253e+04
4.0161e+00 8.3431e+04
4.0247e+00 8.4537e+04
4.0332e+00 8.7518e+04
4.0417e+00 8.7324e+04
4.0503e+00 8.6440e+04
4.0588e+00 8.7397e+04
4.0674e+00 8.8808e+04
4.0759e+00 8.8812e+04
4.0845e+00 8.8073e+04
4.0930e+00 8.7583e+04
4.1016e+00 8.7670e+04
4.1101e+00 8.6831e+04
4.1187e+00 8.7838e+04
4.1272e+00 8.9584e+04
4.1357e+00 8.9995e+04
4.1443e+00 8.9385e+04
4.1528e+00 8.9507e+04
4.1614e+00 9.1287e+04
4.1699e+00 9.1718e+04
4.1785e+00 9.0935e+04
4.1870e+00 9.0093e+04
4.1956e+00 9.0821e+04
4.2041e+00 9.2274e+04
4.2126e+00 9.1043e+04
4.2212e+00 9.0531e+04
4.2297e+00 9.1008e+04
4.2383e+00 9.1508e+04
4.2468e+00 9.1396e+04
4.2554e+00 9.1419e+04
4.2639e+00 9.1507e+04
4.2725e+00 9.1323e+04
4.2810e+00 9.1584e+04
4.2896e+00 9.2263e+04
4.2981e+00 9.1286e+04
4.3066e+00 9.0250e+04
4.3152e+00 9.1262e+04
4.3237e+00 9.3328e+04
4.3323e+00 9.4353e+04
4.3408e+00 9.4324e+04
4.3494e+00 9.4510e+04
4.3579e+00 9.5941e+04
4.3665e+00 9.7789e+04
4.3750e+00 9.8974e+04
4.3835e+00 9.8998e+04
4.3921e+00 9.8916e+04
4.4006e+00 9.8083e+04
4.4092e+00 9.7006e+04
4.4177e+00 9.6690e+04
4.4263e+00 9.6352e+04
4.4348e+00 9.7020e+04
4.4434e+00 9.7994e+04
4.4519e+00 9.8321e+04
4.4604e+00 9.7570e+04
4.4690e+00 9.7429e+04
4.4775e+00 9.8278e+04
4.4861e+00 9.9525e+04
4.4946e+00 1.0048e+05
4.5032e+00 1.0085e+05
4.5117e+00 1.0139e+05
4.5203e+00 1.0058e+05
4.5288e+00 1.0066e+05
4.5374e+00 1.0138e+05
4.5459e+00 1.0272e+05
4.5544e+00 1.0373e+05
4.5630e+00 1.0504e+05
4.5715e+00 1.0566e+05
4.5801e+00 1.0421e+05
4.5886e+00 1.0327e+05
4.5972e+00 1.0226e+05
4.6057e+00 1.0148e+05
4.6143e+00 1.0232e+05
4.6228e+00 1.0091e+05
4.6313e+00 1.0070e+05
4.6399e+00 1.0099e+05
4.6484e+00 1.0141e+05
4.6570e+00 1.0067e+05
4.6655e+00 1.0109e+05
4.6741e+00 1.0272e+05
4.6826e+00 1.0472e+05
4.6912e+00 1.0561e+05
4.6997e+00 1.0449e+05
4.7083e+00 1.0447e+05
4.7168e+00 1.0401e+05
4.7253e+00 1.0304e+05
4.7339e+00 1.0279e+05
4.7424e+00 1.0338e+05
4.7510e+00 1.0389e+05
4.7595e+00 1.0392e+05
4.7681e+00 1.0322e+05
4.7766e+00 1.0348e+05
4.7852e+00 1.0494e+05
4.7937e+00 1.0624e+05
4.8022e+00 1.0603e+05
4.8108e+00 1.0653e+05
4.8193e+00 1.0780e+05
4.8279e+00 1.0755e+05
4.8364e+00 1.0821e+05
4.8450e+00 1.0802e+05
4.8535e+00 1.0694e+05
4.8621e+00 1.0529e+05
4.8706e+00 1.0357e+05
4.8792e+00 1.0433e+05
4.8877e+00 1.0581e+05
4.8962e+00 1.0764e+05
4.9048e+00 1.0915e+05
4.9133e+00 1.0968e+05
4.9219e+00 1.1002e+05
4.9304e+00 1.0912e+05
4.9390e+00 1.0895e+05
4.9475e+00 1.1036e+05
4.9561e+00 1.1289e+05
4.9646e+00 1.1349e+05
4.9731e+00 1.1304e+05
4.9817e+00 1.1294e+05
4.9902e+00 1.1269e+05
4.9988e+00 1.1264e+05
5.0073e+00 1.1303e+05
5.0159e+00 1.1238e+05
5.0244e+00 1.1173e+05
5.0330e+00 1.0984e+05
5.0415e+00 1.0929e+05
5.0500e+00 1.0999e+05
5.0586e+00 1.1115e+05
5.0671e+00 1.1327e+05
5.0757e+00 1.1533e+05
5.0842e+00 1.1601e+05
5.0928e+00 1.1517e+05
5.1013e+00 1.1521e+05
5.1099e+00 1.1383e+05
5.1184e+00 1.1381e+05
5.1270e+00 1.1556e+05
5.1355e+00 1.1557e+05
5.1440e+00 1.1567e+05
5.1526e+00 1.1543e+05
5.1611e+00 1.1533e+05
5.1697e+00 1.1479e+05
5.1782e+00 1.1574e+05
5.1868e+00 1.1705e+05
5.1953e+00 1.1692e+05
5.2039e+00 1.1493e+05
5.2124e+00 1.1518e+05
5.2209e+00 1.1741e+05
5.2295e+00 1.1819e+05
5.2380e+00 1.1776e+05
5.2466e+00 1.1750e+05
5.2551e+00 1.1522e+05
5.2637e+00 1.1370e+05
5.2722e+00 1.1210e+05
5.2808e+00 1.0775e+05
5.2893e+00 1.0418e+05
5.2979e+00 1.0345e+05
5.3064e+00 1.0657e+05
5.3149e+00 1.1050e+05
5.3235e+00 1.1268e+05
5.3320e+00 1.1407e+05
5.3406e+00 1.1658e+05
5.3491e+00 1.2024e+05
5.3577e+00 1.2350e+05
5.3662e+00 1.2213e+05
5.3748e+00 1.2006e+05
5.3833e+00 1.1913e+05
5.3918e+00 1.1904e+05
5.4004e+00 1.1857e+05
5.4089e+00 1.1857e+05
5.4175e+00 1.1797e+05
5.4260e+00 1.1939e+05
5.4346e+00 1.1962e+05
5.4431e+00 1.1888e+05
5.4517e+00 1.1717e+05
5.4602e+00 1.1599e+05
5.4688e+00 1.1666e+05
5.4773e+00 1.1691e+05
5.4858e+00 1.1878e+05
5.4944e+00 1.1975e+05
5.5029e+00 1.2050e+05
5.5115e+00 1.2138e+05
5.5200e+00 1.2244e+05
5.5286e+00 1.2188e+05
5.5371e+00 1.2046e+05
5.5457e+00 1.1957e+05
5.5542e+00 1.1903e+05
5.5627e+00 1.2013e+05
5.5713e+00 1.2259e+05
5.5798e+00 1.2315e+05
5.5884e+00 1.2241e+05
5.5969e+00 1.2291e+05
5.6055e+00 1.2102e+05
5.6140e+00 1.1974e+05
5.6226e+00 1.1974e+05
5.6311e+00 1.2056e+05
5.6396e+00 1.2170e+05
5.6482e+00 1.2181e+05
5.6567e+00 1.2143e+05
5.6653e+00 1.2171e+05
5.6738e+00 1.2198e+05
5.6824e+00 1.2342e+05
5.6909e+00 1.2523e+05
5.6995e+00 1.2537e+05
5.7080e+00 1.2470e+05
5.7166e+00 1.2327e+05
5.7251e+00 1.2287e+05
5.7336e+00 1.2314e+05
5.7422e+00 1.2286e+05
5.7507e+00 1.2269e+05
5.7593e+00 1.2343e+05
5.7678e+00 1.2470e+05
5.7764e+00 1.2575e+05
5.7849e+00 1.2573e+05
5.7935e+00 1.2547e+05
5.8020e+00 1.2428e+05
5.8105e+00 1.2311e+05
5.8191e+00 1.2239e+05
5.8276e+00 1.2148e+05
5.8362e+00 1.2177e+05
5.8447e+00 1.2349e+05
5.8533e+00 1.2600e+05
5.8618e+00 1.2657e+05
5.8704e+00 1.2500e+05
5.8789e+00 1.2430e+05
5.8875e+00 1.2520e+05
5.8960e+00 1.2583e+05
5.9045e+00 1.2617e+05
5.9131e+00 1.2545e+05
5.9216e+00 1.2478e+05
5.9302e+00 1.2554e+05
5.9387e+00 1.2513e+05
5.9473e+00 1.2305e+05
5.9558e+00 1.2318e+05
5.9644e+00 1.2485e+05
5.9729e+00 1.2469e+05
5.9814e+00 1.2448e+05
5.9900e+00 1.2292e+05
5.9985e+00 1.2026e+05
6.0071e+00 1.2000e+05
6.0156e+00 1.2273e+05
6.0242e+00 1.2491e+05
6.0327e+00 1.2503e+05
6.0413e+00 1.2443e+05
6.0498e+00 1.2389e+05
6.0583e+00 1.2485e+05
6.0669e+00 1.2696e+05
6.0754e+00 1.2749e+05
6.0840e+00 1.2650e+05
6.0925e+00 1.2638e+05
6.1011e+00 1.2657e+05
6.1096e+00 1.2633e+05
6.1182e+00 1.2609e+05
6.1267e+00 1.2624e+05
6.1353e+00 1.2758e+05
6.1438e+00 1.2795e+05
6.1523e+00 1.2673e+05
6.1609e+00 1.2672e+05
6.1694e+00 1.2609e+05
6.1780e+00 1.2622e+05
6.1865e+00 1.2667e+05
6.1951e+00 1.2746e+05
6.2036e+00 1.2628e+05
6.2122e+00 1.2606e+05
6.2207e+00 1.2639e+05
6.2292e+00 1.2670e+05
6.2378e+00 1.2671e+05
6.2463e+00 1.2743e+05
6.2549e+00 1.2941e+05
6.2634e+00 1.2939e+05
6.2720e+00 1.2981e+05
6.2805e+00 1.2976e+05
6.2891e+00 1.2871e+05
6.2976e+00 1.2741e+05
6.3062e+00 1.2763e+05
6.3147e+00 1.2886e+05
6.3232e+00 1.2871e+05
6.3318e+00 1.2855e+05
6.3403e+00 1.2759e+05
6.3489e+00 1.2617e+05
6.3574e+00 1.2557e+05
6.3660e+00 1.2484e+05
6.3745e+00 1.2532e+05
6.3831e+00 1.2606e+05
6.3916e+00 1.2748e+05
6.4001e+00 1.2776e+05
6.4087e+00 1.2787e+05
6.4172e+00 1.2716e+05
6.4258e+00 1.2497e+05
6.4343e+00 1.2262e+05
6.4429e+00 1.2229e+05
6.4514e+00 1.2230e+05
6.4600e+00 1.2212e+05
6.4685e+00 1.2528e+05
6.4771e+00 1.2559e+05
6.4856e+00 1.2547e+05
6.4941e+00 1.2730e+05
6.5027e+00 1.2803e+05
6.5112e+00 1.2816e+05
6.5198e+00 1.2862e+05
6.5283e+00 1.2792e+05
6.5369e+00 1.2806e+05
6.5454e+00 1.2889e+05
6.5540e+00 1.2916e+05
6.5625e+00 1.3035e+05
6.5710e+00 1.2991e+05
6.5796e+00 1.2786e+05
6.5881e+00 1.2682e+05
6.5967e+00 1.2672e+05
6.6052e+00 1.2698e+05
6.6138e+00 1.2837e+05
6.6223e+00 1.2959e+05
6.6309e+00 1.2942e+05
6.6394e+00 1.2937e+05
6.6479e+00 1.2898e+05
6.6565e+00 1.2803e+05
6.6650e+00 1.2763e+05
6.6736e+00 1.2890e+05
6.6821e+00 1.2921e+05
6.6907e+00 1.2862e+05
6.6992e+00 1.2664e+05
6.7078e+00 1.2546e+05
6.7163e+00 1.2613e+05
6.7249e+00 1.2627e+05
6.7334e+00 1.2638e+05
6.7419e+00 1.2645e+05
6.7505e+00 1.2573e+05
6.7590e+00 1.2514e+05
6.7676e+00 1.2554e+05
6.7761e+00 1.2645e+05
6.7847e+00 1.2744e+05
6.7932e+00 1.2720e+05
6.8018e+00 1.2647e+05
6.8103e+00 1.2680e+05
6.8188e+00 1.2864e+05
6.8274e+00 1.2752e+05
6.8359e+00 1.2741e+05
6.8445e+00 1.2829e+05
6.8530e+00 1.2915e+05
6.8616e+00 1.2889e+05
6.8701e+00 1.2780e+05
6.8787e+00 1.2861e+05
6.8872e+00 1.3018e+05
6.8958e+00 1.3080e+05
6.9043e+00 1.3135e+05
6.9128e+00 1.3176e+05
6.9214e+00 1.3090e+05
6.9299e+00 1.3013e+05
6.9385e+00 1.2896e+05
6.9470e+00 1.2710e+05
6.9556e+00 1.2718e+05
6.9641e+00 1.2799e+05
6.9727e+00 1.2819e+05
6.9812e+00 1.2765e+05
6.9897e+00 1.2772e+05
6.9983e+00 1.2752e+05
7.0068e+00 1.2676e+05
7.0154e+00 1.2589e+05
7.0239e+00 1.2476e+05
7.0325e+00 1.2281e+05
7.0410e+00 1.2221e+05
7.0496e+00 1.2415e+05
7.0581e+00 1.2521e+05
7.0667e+00 1.2430e+05
7.0752e+00 1.2298e+05
7.0837e+00 1.2450e+05
7.0923e+00 1.2696e+05
7.1008e+00 1.2786e+05
7.1094e+00 1.2682e+05
7.1179e+00 1.2666e+05
7.1265e+00 1.2794e+05
7.1350e+00 1.2837e+05
7.1436e+00 1.2902e+05
7.1521e+00 1.2772e+05
7.1606e+00 1.2517e+05
7.1692e+00 1.2282e+05
7.1777e+00 1.2242e+05
7.1863e+00 1.2317e+05
7.1948e+00 1.2405e+05
7.2034e+00 1.2328e+05
7.2119e+00 1.2371e+05
7.2205e+00 1.2521e+05
7.2290e+00 1.2546e+05
7.2375e+00 1.2415e+05
7.2461e+00 1.2279e+05
7.2546e+00 1.2414e+05
7.2632e+00 1.2513e+05
7.2717e+00 1.2422e+05
7.2803e+00 1.2254e+05
7.2888e+00 1.2129e+05
7.2974e+00 1.2244e+05
7.3059e+00 1.2229e+05
7.3145e+00 1.2148e+05
7.3230e+00 1.2169e+05
7.3315e+00 1.2229e+05
7.3401e+00 1.2312e+05
7.3486e+00 1.2446e+05
7.3572e+00 1.2542e+05
7.3657e+00 1.2390e+05
7.3743e+00 1.2281e+05
7.3828e+00 1.2348e+05
7.3914e+00 1.2466e+05
7.3999e+00 1.2448e+05
7.4084e+00 1.2285e+05
7.4170e+00 1.2126e+05
7.4255e+00 1.2107e+05
7.4341e+00 1.2190e+05
7.4426e+00 1.2103e+05
7.4512e+00 1.1921e+05
7.4597e+00 1.1944e+05
7.4683e+00 1.1937e+05
7.4768e+00 1.1964e+05
7.4854e+00 1.1861e+05
7.4939e+00 1.1871e+05
7.5024e+00 1.1809e+05
7.5110e+00 1.1895e+05
7.5195e+00 1.1996e+05
7.5281e+00 1.1995e+05
7.5366e+00 1.1993e+05
7.5452e+00 1.1865e+05
7.5537e+00 1.1786e+05
7.5623e+00 1.1835e+05
7.5708e+00 1.1902e+05
7.5793e+00 1.1928e+05
7.5879e+00 1.1804e+05
7.5964e+00 1.1613e+05
7.6050e+00 1.1604e+05
7.6135e+00 1.1623e+05
7.6221e+00 1.1555e+05
7.6306e+00 1.1571e+05
7.6392e+00 1.1733e+05
7.6477e+00 1.1862e+05
7.6562e+00 1.1853e+05
7.6648e+00 1.1823e+05
7.6733e+00 1.1803e+05
7.6819e+00 1.1892e+05
7.6904e+00 1.1991e+05
7.6990e+00 1.1913e+05
7.7075e+00 1.1687e+05
7.7161e+00 1.1435e+05
7.7246e+00 1.1278e+05
7.7332e+00 1.1417e+05
7.7417e+00 1.1458e+05
7.7502e+00 1.1461e+05
7.7588e+00 1.1575e+05
7.7673e+00 1.1541e+05
7.7759e+00 1.1580e+05
7.7844e+00 1.1594e+05
7.7930e+00 1.1591e+05
7.8015e+00 1.1571e+05
7.8101e+00 1.1603e+05
7.8186e+00 1.1517e+05
7.8271e+00 1.1247e+05
7.8357e+00 1.1025e+05
7.8442e+00 1.1048e+05
7.8528e+00 1.1166e+05
7.8613e+00 1.1175e+05
7.8699e+00 1.1201e+05
7.8784e+00 1.1273e+05
7.8870e+00 1.1278e+05
7.8955e+00 1.1389e+05
7.9041e+00 1.1305e+05
7.9126e+00 1.1218e+05
7.9211e+00 1.1210e+05
7.9297e+00 1.1174e+05
7.9382e+00 1.1328e+05
7.9468e+00 1.1366e+05
7.9553e+00 1.1289e+05
7.9639e+00 1.1316e+05
7.9724e+00 1.1344e+05
7.9810e+00 1.1331e+05
7.9895e+00 1.1351e+05
7.9980e+00 1.1397e+05
8.0066e+00 1.1360e+05
8.0151e+00 1.1361e+05
8.0237e+00 1.1275e+05
8.0322e+00 1.1129e+05
8.0408e+00 1.1118e+05
8.0493e+00 1.1028e+05
8.0579e+00 1.1082e+05
8.0664e+00 1.1147e+05
8.0750e+00 1.1215e+05
8.0835e+00 1.1285e+05
8.0920e+00 1.1237e+05
8.1006e+00 1.1117e+05
8.1091e+00 1.1033e+05
8.1177e+00 1.0945e+05
8.1262e+00 1.0962e+05
8.1348e+00 1.0944e+05
8.1433e+00 1.0812e+05
8.1519e+00 1.0852e+05
8.1604e+00 1.0896e+05
8.1689e+00 1.0791e+05
8.1775e+00 1.0756e+05
8.1860e+00 1.0766e+05
8.1946e+00 1.0671e+05
8.2031e+00 1.0604e+05
8.2117e+00 1.0592e+05
8.2202e+00 1.0778e+05
8.2288e+00 1.0687e+05
8.2373e+00 1.0511e+05
8.2458e+00 1.0495e+05
8.2544e+00 1.0454e+05
8.2629e+00 1.0453e+05
8.2715e+00 1.0445e+05
8.2800e+00 1.0395e+05
8.2886e+00 1.0246e+05
8.2971e+00 1.0149e+05
8.3057e+00 1.0160e+05
8.3142e+00 1.0301e+05
8.3228e+00 1.0425e+05
8.3313e+00 1.0633e+05
8.3398e+00 1.0603e+05
8.3484e+00 1.0523e+05
8.3569e+00 1.0476e+05
8.3655e+00 1.0396e+05
8.3740e+00 1.0349e+05
8.3826e+00 1.0408e+05
8.3911e+00 1.0334e+05
8.3997e+00 1.0277e+05
8.4082e+00 1.0101e+05
8.4167e+00 9.9119e+04
8.4253e+00 9.7760e+04
8.4338e+00 9.7888e+04
8.4424e+00 9.8076e+04
8.4509e+00 9.8178e+04
8.4595e+00 9.8287e+04
8.4680e+00 9.8471e+04
8.4766e+00 9.7510e+04
8.4851e+00 9.6064e+04
8.4937e+00 9.4862e+04
8.5022e+00 9.3921e+04
8.5107e+00 9.4671e+04
8.5193e+00 9.6151e+04
8.5278e+00 9.6866e+04
8.5364e+00 9.6521e+04
8.5449e+00 9.6135e+04
8.5535e+00 9.5032e+04
8.5620e+00 9.4608e+04
8.5706e+00 9.4664e+04
8.5791e+00 9.6310e+04
8.5876e+00 9.8060e+04
8.5962e+00 9.8041e+04
8.6047e+00 9.6580e+04
8.6133e+00 9.5590e+04
8.6218e+00 9.5677e+04
8.6304e+00 9.5625e+04
8.6389e+00 9.4562e+04
8.6475e+00 9.5712e+04
8.6560e+00 9.5917e+04
8.6646e+00 9.5699e+04
8.6731e+00 9.3936e+04
8.6816e+00 9.3536e+04
8.6902e+00 9.3009e+04
8.6987e+00 9.2184e+04
8.7073e+00 9.0808e+04
8.7158e+00 9.1144e+04
8.7244e+00 9.1791e+04
8.7329e+00 9.2342e+04
8.7415e+00 9.2774e+04
8.7500e+00 9.2251e+04
8.7585e+00 9.0602e+04
8.7671e+00 9.0681e+04
8.7756e+00 9.1172e+04
8.7842e+00 9.1322e+04
8.7927e+00 9.0797e+04
8.8013e+00 9.0376e+04
8.8098e+00 9.1191e+04
8.8184e+00 9.1361e+04
8.8269e+00 9.0569e+04
8.8354e+00 8.9335e+04
8.8440e+00 8.8775e+04
8.8525e+00 8.7483e+04
8.8611e+00 8.6729e+04
8.8696e+00 8.7232e+04
8.8782e+00 8.7621e+04
8.8867e+00 8.7703e+04
8.8953e+00 8.7792e+04
8.9038e+00 8.8027e+04
8.9124e+00 8.7021e+04
8.9209e+00 8.6701e+04
8.9294e+00 8.7806e+04
8.9380e+00 8.8852e+04
8.9465e+00 8.8101e+04
8.9551e+00 8.5400e+04
8.9636e+00 8.5479e+04
8.9722e+00 8.5041e+04
8.9807e+00 8.4826e+04
8.9893e+00 8.4709e+04
8.9978e+00 8.4248e+04
9.0063e+00 8.4551e+04
9.0149e+00 8.4182e+04
9.0234e+00 8.3617e+04
9.0320e+00 8.4822e+04
9.0405e+00 8.3559e+04
9.0491e+00 8.3672e+04
9.0576e+00 8.3211e+04
9.0662e+00 8.2953e+04
9.0747e+00 8.2882e+04
9.0833e+00 8.1329e+04
9.0918e+00 8.1239e+04
9.1003e+00 8.1175e+04
9.1089e+00 8.0382e+04
9.1174e+00 7.9800e+04
9.1260e+00 7.8269e+04
9.1345e+00 7.8500e+04
9.1431e+00 7.8224e+04
9.1516e+00 7.8857e+04
9.1602e+00 7.9172e+04
9.1687e+00 7.7887e+04
9.1772e+00 7.7125e+04
9.1858e+00 7.7053e+04
9.1943e+00 7.7081e+04
9.2029e+00 7.7801e+04
9.2114e+00 7.7151e+04
9.2200e+00 7.6354e+04
9.2285e+00 7.5003e+04
9.2371e+00 7.3318e+04
9.2456e+00 7.2037e+04
9.2542e+00 7.0725e+04
9.2627e+00 7.1466e+04
9.2712e+00 7.1212e+04
9.2798e+00 6.9390e+04
9.2883e+00 6.7900e+04
9.2969e+00 6.8100e+04
9.3054e+00 7.2047e+04
9.3140e+00 7.4671e+04
9.3225e+00 7.3226e+04
9.3311e+00 7.2201e+04
9.3396e+00 7.3395e+04
9.3481e+00 7.3648e+04
9.3567e+00 7.4019e+04
9.3652e+00 7.3782e+04
9.3738e+00 7.4577e+04
9.3823e+00 7.3774e+04
9.3909e+00 7.2068e+04
9.3994e+00 6.9383e+04
9.4080e+00 6.7843e+04
9.4165e+00 6.6788e+04
9.4250e+00 6.7051e+04
9.4336e+00 6.7043e+04
9.4421e+00 6.4959e+04
9.4507e+00 6.3924e+04
9.4592e+00 6.2440e+04
9.4678e+00 6.1499e+04
9.4763e+00 6.2018e+04
9.4849e+00 6.4601e+04
9.4934e+00 6.6398e+04
9.5020e+00 6.7798e+04
9.5105e+00 6.8246e+04
9.5190e+00 6.8180e+04
9.5276e+00 6.6970e+04
9.5361e+00 6.5546e+04
9.5447e+00 6.5919e+04
9.5532e+00 6.7287e+04
9.5618e+00 6.6979e+04
9.5703e+00 6.6254e+04
9.5789e+00 6.6268e+04
9.5874e+00 6.4936e+04
9.5959e+00 6.4869e+04
9.6045e+00 6.4498e+04
9.6130e+00 6.4938e+04
9.6216e+00 6.5472e+04
9.6301e+00 6.5151e+04
9.6387e+00 6.4987e+04
9.6472e+00 6.3427e+04
9.6558e+00 6.3307e+04
9.6643e+00 6.3811e+04
9.6729e+00 6.3552e+04
9.6814e+00 6.2856e+04
9.6899e+00 6.2960e+04
9.6985e+00 6.2572e+04
9.7070e+00 6.1685e+04
9.7156e+00 6.1091e+04
9.7241e+00 6.1630e+04
9.7327e+00 6.2145e+04
9.7412e+00 6.1179e+04
9.7498e+00 6.0424e+04
9.7583e+00 5.9254e+04
9.7668e+00 5.8036e+04
9.7754e+00 5.7918e+04
9.7839e+00 5.7602e+04
9.7925e+00 5.7927e+04
9.8010e+00 5.8350e+04
9.8096e+00 5.8272e+04
9.8181e+00 5.8432e+04
9.8267e+00 5.8573e+04
9.8352e+00 5.7868e+04
9.8438e+00 5.7746e+04
9.8523e+00 5.7512e+04
9.8608e+00 5.7677e+04
9.8694e+00 5.7493e+04
9.8779e+00 5.6735e+04
9.8865e+00 5.6894e+04
9.8950e+00 5.5753e+04
9.9036e+00 5.5575e+04
9.9121e+00 5.5871e+04
9.9207e+00 5.6107e+04
9.9292e+00 5.6597e+04
9.9377e+00 5.6840e+04
9.9463e+00 5.6132e+04
9.9548e+00 5.5890e+04
9.9634e+00 5.4925e+04
9.9719e+00 5.2577e+04
9.9805e+00 5.2053e+04
9.9890e+00 5.3374e+04
9.9976e+00 5.3853e+04
1.0006e+01 5.3871e+04
1.0015e+01 5.3448e+04
1.0023e+01 5.2612e+04
1.0032e+01 5.2828e+04
1.0040e+01 5.2923e+04
1.0049e+01 5.2491e+04
1.0057e+01 5.2499e+04
1.0066e+01 5.2431e+04
1.0074e+01 5.1167e+04
1.0083e+01 5.1171e+04
1.0092e+01 5.1677e+04
1.0100e+01 5.1576e+04
1.0109e+01 5.1300e+04
1.0117e+01 5.2252e+04
1.0126e+01 5.1731e+04
1.0134e+01 5.1408e+04
1.0143e+01 5.0993e+04
1.0151e+01 4.9999e+04
1.0160e+01 5.0120e+04
1.0168e+01 5.0066e+04
1.0177e+01 5.1023e+04
1.0186e+01 5.0040e+04
1.0194e+01 4.9369e+04
1.0203e+01 4.8903e+04
1.0211e+01 4.9518e+04
1.0220e+01 5.0038e+04
1.0228e+01 4.9693e+04
1.0237e+01 4.9156e+04
1.0245e+01 4.8935e+04
1.0254e+01 4.8180e+04
1.0262e+01 4.7146e+04
1.0271e+01 4.6857e+04
1.0280e+01 4.7416e+04
1.0288e+01 4.6847e+04
1.0297e+01 4.7076e+04
1.0305e+01 4.7297e+04
1.0314e+01 4.6366e+04
1.0322e+01 4.6288e+04
1.0331e+01 4.6200e+04
1.0339e+01 4.5583e+04
1.0348e+01 4.5212e+04
1.0356e+01 4.5622e+04
1.0365e+01 4.6269e+04
1.0374e+01 4.5449e+04
1.0382e+01 4.3919e+04
1.0391e+01 4.2962e+04
1.0399e+01 4.1924e+04
1.0408e+01 4.2412e+04
1.0416e+01 4.2582e+04
1.0425e+01 4.2358e+04
1.0433e+01 4.3538e+04
1.0442e+01 4.4102e+04
1.0450e+01 4.3896e+04
1.0459e+01 4.2815e+04
1.0468e+01 4.2884e+04
1.0476e+01 4.3335e+04
1.0485e+01 4.3401e+04
1.0493e+01 4.3528e+04
1.0502e+01 4.2375e+04
1.0510e+01 4.1872e+04
1.0519e+01 4.2590e+04
1.0527e+01 4.2296e+04
1.0536e+01 4.2497e+04
1.0544e+01 4.2681e+04
1.0553e+01 4.1944e+04
1.0562e+01 4.1411e+04
1.0570e+01 4.0476e+04
1.0579e+01 3.8259e+04
1.0587e+01 3.6094e+04
1.0596e+01 3.5421e+04
1.0604e+01 3.6210e+04
1.0613e+01 3.7307e+04
1.0621e+01 3.9216e+04
1.0630e+01 4.0119e+04
1.0638e+01 4.0738e+04
1.0647e+01 4.0514e+04
1.0656e+01 4.1298e+04
1.0664e+01 4.0507e+04
1.0673e+01 4.0338e+04
1.0681e+01 3.9773e+04
1.0690e+01 4.0354e+04
1.0698e+01 3.9960e+04
1.0707e+01 4.0196e+04
1.0715e+01 4.0153e+04
1.0724e+01 3.8853e+04
1.0732e+01 3.7689e+04
1.0741e+01 3.8144e+04
1.0750e+01 3.7464e+04
1.0758e+01 3.7892e+04
1.0767e+01 3.7921e+04
1.0775e+01 3.7724e+04
1.0784e+01 3.7283e+04
1.0792e+01 3.6865e+04
1.0801e+01 3.7122e+04
1.0809e+01 3.6178e+04
1.0818e+01 3.6252e+04
1.0826e+01 3.7089e+04
1.0835e+01 3.6824e+04
1.0844e+01 3.6861e+04
1.0852e+01 3.6796e+04
1.0861e+01 3.6448e+04
1.0869e+01 3.6802e+04
1.0878e+01 3.6069e+04
1.0886e+01 3.5855e+04
1.0895e+01 3.6379e+04
1.0903e+01 3.5858e+04
1.0912e+01 3.6079e+04
1.0920e+01 3.5881e+04
1.0929e+01 3.6056e+04
1.0938e+01 3.6276e+04
1.0946e+01 3.6402e+04
1.0955e+01 3.6395e+04
1.0963e+01 3.5633e+04
1.0972e+01 3.5011e+04
1.0980e+01 3.5532e+04
1.0989e+01 3.5867e+04
1.0997e+01 3.5131e+04
1.1006e+01 3.4451e+04
1.1014e+01 3.3947e+04
1.1023e+01 3.3467e+04
1.1031e+01 3.2898e+04
1.1040e+01 3.2441e+04
1.1049e+01 3.1560e+04
1.1057e+01 3.0952e+04
1.1066e+01 3.1698e+04
1.1074e+01 3.2711e+04
1.1083e+01 3.3197e+04
1.1091e+01 3.3184e+04
1.1100e+01 3.2877e+04
1.1108e+01 3.3094e+04
1.1117e+01 3.3451e+04
1.1125e+01 3.3235e+04
1.1134e+01 3.3110e+04
1.1143e+01 3.3464e+04
1.1151e+01 3.2930e+04
1.1160e+01 3.2871e+04
1.1168e+01 3.2415e+04
1.1177e+01 3.1711e+04
1.1185e+01 3.0861e+04
1.1194e+01 3.1073e+04
1.1202e+01 3.1585e+04
1.1211e+01 3.2219e+04
1.1219e+01 3.2005e+04
1.1228e+01 3.0401e+04
1.1237e+01 3.0066e+04
1.1245e+01 2.9738e+04
1.1254e+01 2.9535e+04
1.1262e+01 2.9848e+04
1.1271e+01 3.0297e+04
1.1279e+01 3.0209e+04
1.1288e+01 3.0651e+04
1.1296e+01 3.0601e+04
1.1305e+01 3.1117e+04
1.1313e+01 3.0707e+04
1.1322e+01 3.0809e+04
1.1331e+01 3.0387e+04
1.1339e+01 3.0895e+04
1.1348e+01 3.1183e+04
1.1356e+01 3.1335e+04
1.1365e+01 3.1288e+04
1.1373e+01 3.0500e+04
1.1382e+01 2.9993e+04
1.1390e+01 2.7756e+04
1.1399e+01 2.6200e+04
1.1407e+01 2.6659e+04
1.1416e+01 2.8450e+04
1.1425e+01 2.8799e+04
1.1433e+01 2.8384e+04
1.1442e+01 2.7812e+04
1.1450e+01 2.6892e+04
1.1459e+01 2.6645e+04
1.1467e+01 2.6974e+04
1.1476e+01 2.7059e+04
1.1484e+01 2.6935e+04
1.1493e+01 2.7034e+04
1.1501e+01 2.6410e+04
1.1510e+01 2.5766e+04
1.1519e+01 2.6106e+04
1.1527e+01 2.5538e+04
1.1536e+01 2.4701e+04
1.1544e+01 2.4966e+04
1.1553e+01 2.5347e+04
1.1561e+01 2.5885e+04
1.1570e+01 2.6277e+04
1.1578e+01 2.5949e+04
1.1587e+01 2.5799e+04
1.1595e+01 2.5502e+04
1.1604e+01 2.4986e+04
1.1613e+01 2.4452e+04
1.1621e+01 2.4729e+04
1.1630e+01 2.4715e+04
1.1638e+01 2.4920e+04
1.1647e+01 2.5112e+04
1.1655e+01 2.4679e+04
1.1664e+01 2.4660e+04
1.1672e+01 2.4855e+04
1.1681e+01 2.5210e+04
1.1689e+01 2.5197e+04
1.1698e+01 2.4886e+04
1.1707e+01 2.4785e+04
1.1715e+01 2.4565e+04
1.1724e+01 2.3885e+04
1.1732e+01 2.3585e+04
1.1741e+01 2.4177e+04
1.1749e+01 2.5038e+04
1.1758e+01 2.4933e+04
1.1766e+01 2.5492e+04
1.1775e+01 2.5444e+04
1.1783e+01 2.4671e+04
1.1792e+01 2.3580e+04
1.1801e+01 2.2065e+04
1.1809e+01 2.1513e+04
1.1818e+01 2.1523e+04
1.1826e+01 2.1624e+04
1.1835e+01 2.1113e+04
1.1843e+01 2.1825e+04
1.1852e+01 2.2486e+04
1.1860e+01 2.2030e+04
1.1869e+01 2.1250e+04
1.1877e+01 2.1153e+04
1.1886e+01 2.1328e+04
1.1895e+01 2.1598e+04
1.1903e+01 2.1311e+04
1.1912e+01 2.0498e+04
1.1920e+01 2.0019e+04
1.1929e+01 1.9677e+04
1.1937e+01 1.9383e+04
1.1946e+01 1.9868e+04
1.1954e+01 1.9629e+04
1.1963e+01 1.9207e+04
1.1971e+01 1.8873e+04
1.1980e+01 1.8611e+04
1.1989e+01 1.8634e+04
1.1997e+01 1.7547e+04
1.2006e+01 1.7198e+04
1.2014e+01 1.7663e+04
1.2023e+01 1.7536e+04
1.2031e+01 1.7138e+04
1.2040e+01 1.6174e+04
1.2048e+01 1.5270e+04
1.2057e+01 1.5756e+04
1.2065e+01 1.6173e+04
1.2074e+01 1.6120e+04
1.2083e+01 1.5597e+04
1.2091e+01 1.5943e+04
1.2100e+01 1.5469e+04
1.2108e+01 1.5677e+04
1.2117e+01 1.5053e+04
1.2125e+01 1.5215e+04
1.2134e+01 1.5017e+04
1.2142e+01 1.5386e+04
1.2151e+01 1.5060e+04
1.2159e+01 1.4875e+04
1.2168e+01 1.4347e+04
1.2177e+01 1.3439e+04
1.2185e+01 1.3680e+04
1.2194e+01 1.4427e+04
1.2202e+01 1.4116e+04
1.2211e+01 1.3849e+04
1.2219e+01 1.3945e+04
1.2228e+01 1.3660e+04
1.2236e+01 1.3371e+04
1.2245e+01 1.3593e+04
1.2253e+01 1.3701e+04
1.2262e+01 1.3044e+04
1.2271e+01 1.2990e+04
1.2279e+01 1.2318e+04
1.2288e+01 1.1830e+04
1.2296e+01 1.0618e+04
1.2305e+01 9.3705e+03
1.2313e+01 9.9731e+03
1.2322e+01 1.0457e+04
1.2330e+01 1.0322e+04
1.2339e+01 9.9217e+03
1.2347e+01 9.6656e+03
1.2356e+01 9.5405e+03
1.2365e+01 9.2830e+03
1.2373e+01 9.4450e+03
1.2382e+01 9.5590e+03
1.2390e+01 9.5908e+03
1.2399e+01 8.7514e+03
1.2407e+01 8.2490e+03
1.2416e+01 8.3926e+03
1.2424e+01 7.8868e+03
1.2433e+01 7.5243e+03
1.2441e+01 7.9679e+03
1.2450e+01 7.6737e+03
1.2458e+01 7.5023e+03
1.2467e+01 7.8451e+03
1.2476e+01 7.6269e+03
1.2484e+01 7.3343e+03
1.2493e+01 7.0798e+03
1.2501e+01 6.8004e+03
1.2510e+01 7.0462e+03
1.2518e+01 7.1389e+03
1.2527e+01 7.4358e+03
1.2535e+01 7.2525e+03
1.2544e+01 7.5707e+03
1.2552e+01 7.8271e+03
1.2561e+01 7.4638e+03
1.2570e+01 6.7711e+03
1.2578e+01 6.4670e+03
1.2587e+01 6.1552e+03
1.2595e+01 6.2986e+03
1.2604e+01 6.3839e+03
1.2612e+01 6.4406e+03
1.2621e+01 6.3989e+03
1.2629e+01 5.8077e+03
1.2638e+01 5.5663e+03
1.2646e+01 5.0246e+03
1.2655e+01 5.5554e+03
1.2664e+01 5.1202e+03
1.2672e+01 4.9055e+03
1.2681e+01 5.0595e+03
1.2689e+01 4.8832e+03
1.2698e+01 4.6036e+03
1.2706e+01 4.6942e+03
1.2715e+01 4.5980e+03
1.2723e+01 4.3178e+03
1.2732e+01 4.3428e+03
1.2740e+01 4.2713e+03
1.2749e+01 4.1588e+03
1.2758e+01 4.0676e+03
1.2766e+01 3.2055e+03
1.2775e+01 2.6213e+03
1.2783e+01 2.0762e+03
1.2792e+01 1.6393e+03
1.2800e+01 1.6740e+03
1.2809e+01 1.0060e+03
1.2817e+01 7.8304e+02
1.2826e+01 1.1345e+03
1.2834e+01 1.8749e+03
1.2843e+01 1.7482e+03
1.2852e+01 1.9331e+03
1.2860e+01 1.8509e+03
1.2869e+01 2.1858e+03
1.2877e+01 1.9295e+03
1.2886e+01 1.8509e+03
1.2894e+01 1.4244e+03
1.2903e+01 1.2046e+03
1.2911e+01 1.0831e+03
1.2920e+01 1.3200e+03
1.2928e+01 1.7048e+03
1.2937e+01 1.4466e+03
1.2946e+01 1.3522e+03
1.2954e+01 1.0716e+03
1.2963e+01 7.3988e+02
1.2971e+01 6.9307e+02
1.2980e+01 1.2595e+03
1.2988e+01 1.1242e+03
1.2997e+01 1.3179e+03
1.3005e+01 1.6933e+03
1.3014e+01 1.1790e+03
1.3022e+01 1.6399e+03
1.3031e+01 1.8144e+03
1.3040e+01 1.3520e+03
1.3048e+01 1.6837e+03
1.3057e+01 1.3663e+03
1.3065e+01 9.5774e+02
1.3074e+01 1.0269e+03
1.3082e+01 1.2293e+03
1.3091e+01 1.3354e+03
1.3099e+01 1.2567e+03
1.3108e+01 3.8607e+02
1.3116e+01 7.7830e+02
1.3125e+01 5.7993e+02
1.3134e+01 8.5371e+02
1.3142e+01 8.1587e+02
1.3151e+01 -1.3089e+02
1.3159e+01 -4.8002e+02
1.3168e+01 -9.2070e+02
1.3176e+01 -4.2699e+02
1.3185e+01 3.6536e+02
1.3193e+01 8.7017e+02
1.3202e+01 9.8732e+02
1.3210e+01 1.2395e+03
1.3219e+01 1.4496e+03
1.3228e+01 1.7229e+03
1.3236e+01 1.0106e+03
1.3245e+01 8.2265e+02
1.3253e+01 6.0829e+02
1.3262e+01 7.8100e+02
1.3270e+01 1.0981e+03
1.3279e+01 1.1970e+03
1.3287e+01 9.9432e+02
1.3296e+01 1.1498e+03
1.3304e+01 8.4345e+02
1.3313e+01 1.0223e+03
1.3322e+01 4.6218e+02
1.3330e+01 5.1100e+02
1.3339e+01 6.2176e+02
1.3347e+01 2.4617e+02
1.3356e+01 5.0950e+02
1.3364e+01 3.4465e+02
1.3373e+01 1.2789e+02
1.3381e+01 6.4002e+02
1.3390e+01 1.2499e+03
1.3398e+01 1.1483e+03
1.3407e+01 8.2456e+02
1.3416e+01 8.6319e+02
1.3424e+01 1.1919e+03
1.3433e+01 1.1872e+03
1.3441e+01 9.6707e+02
1.3450e+01 1.1858e+03
1.3458e+01 1.1360e+03
1.3467e+01 6.2506e+02
1.3475e+01 5.2476e+02
1.3484e+01 1.2777e+03
1.3492e+01 1.1429e+03
1.3501e+01 1.5485e+03
1.3510e+01 1.4528e+03
1.3518e+01 1.0205e+03
1.3527e+01 1.6885e+03
1.3535e+01 1.5268e+03
1.3544e+01 1.2754e+03
1.3552e+01 9.9207e+02
1.3561e+01 6.5539e+02
1.3569e+01 1.0837e+03
1.3578e+01 8.8930e+02
1.3586e+01 1.2679e+03
1.3595e+01 1.4543e+03
1.3604e+01 1.1544e+03
1.3612e+01 8.5871e+02
1.3621e+01 1.6727e+03
1.3629e+01 1.8019e+03
1.3638e+01 8.4574e+02
1.3646e+01 5.2890e+02
1.3655e+01 1.1487e+03
1.3663e+01 2.2178e+03
1.3672e+01 2.5870e+03
1.3680e+01 2.3909e+03
1.3689e+01 2.8372e+03
1.3698e+01 3.0903e+03
1.3706e+01 2.8952e+03
1.3715e+01 2.3987e+03
1.3723e+01 2.2899e+03
1.3732e+01 2.6983e+03
1.3740e+01 2.7596e+03
1.3749e+01 2.3340e+03
1.3757e+01 1.9673e+03
1.3766e+01 1.6904e+03
1.3774e+01 1.3212e+03
1.3783e+01 1.4002e+03
1.3792e+01 1.8858e+03
1.3800e+01 1.6332e+03
1.3809e+01 1.8299e+03
1.3817e+01 1.9168e+03
1.3826e+01 1.5972e+03
1.3834e+01 1.0618e+03
1.3843e+01 9.1910e+02
1.3851e+01 1.0020e+03
1.3860e+01 5.0977e+02
1.3868e+01 8.7354e+02
1.3877e+01 1.3385e+03
1.3885e+01 1.2533e+03
1.3894e+01 1.2469e+03
1.3903e+01 1.1111e+03
1.3911e+01 8.2232e+02
1.3920e+01 -3.2249e+02
1.3928e+01 -2.5886e+02
1.3937e+01 -6.5571e+01
1.3945e+01 2.0407e+02
1.3954e+01 2.9940e+02
1.3962e+01 7.5056e+02
1.3971e+01 1.0163e+03
1.3979e+01 1.3592e+03
1.3988e+01 7.6568e+02
1.3997e+01 9.9558e+02
1.4005e+01 8.4480e+02
1.4014e+01 1.1018e+03
1.4022e+01 1.1500e+03
1.4031e+01 1.4117e+03
1.4039e+01 1.8342e+03
1.4048e+01 1.3340e+03
1.4056e+01 1.2322e+03
1.4065e+01 8.0927e+02
1.4073e+01 1.0198e+03
1.4082e+01 7.9793e+02
1.4091e+01 4.8550e+02
1.4099e+01 7.0298e+02
1.4108e+01 1.0912e+03
1.4116e+01 1.6486e+03
1.4125e+01 1.8435e+03
1.4133e+01 1.4878e+03
1.4142e+01 1.4931e+03
1.4150e+01 1.6501e+03
1.4159e+01 1.8290e+03
1.4167e+01 1.9925e+03
1.4176e+01 1.8430e+03
1.4185e+01 1.7510e+03
1.4193e+01 1.5816e+03
1.4202e+01 1.1184e+03
1.4210e+01 1.1404e+03
1.4219e+01 1.1750e+03
1.4227e+01 1.3936e+03
1.4236e+01 9.7629e+02
1.4244e+01 7.2898e+02
1.4253e+01 1.1315e+03
1.4261e+01 7.2910e+02
1.4270e+01 8.4045e+02
1.4279e+01 1.0968e+03
1.4287e+01 8.6387e+02
1.4296e+01 4.3383e+02
1.4304e+01 1.2061e+03
1.4313e+01 1.1390e+03
1.4321e+01 1.0873e+03
1.4330e+01 7.9551e+02
1.4338e+01 7.1421e+02
1.4347e+01 1.0095e+03
1.4355e+01 9.7565e+02
1.4364e+01 9.3296e+02
1.4373e+01 7.5248e+02
1.4381e+01 2.5014e+02
1.4390e+01 -5.5071e+01
1.4398e+01 -3.6926e+02
1.4407e+01 -3.1492e+02
1.4415e+01 1.9157e+02
1.4424e+01 4.0998e+02
1.4432e+01 1.0276e+03
1.4441e+01 1.3147e+03
1.4449e+01 9.4646e+02
1.4458e+01 9.9265e+02
1.4467e+01 1.3695e+03
1.4475e+01 1.3228e+03
1.4484e+01 1.1830e+03
1.4492e+01 1.1122e+03
1.4501e+01 1.2520e+03
1.4509e+01 1.5521e+03
1.4518e+01 1.1169e+03
1.4526e+01 7.4426e+02
1.4535e+01 1.3956e+02
1.4543e+01 3.2758e+02
1.4552e+01 2.5331e+02
1.4561e+01 7.7017e+02
1.4569e+01 7.8327e+02
1.4578e+01 7.3519e+02
1.4586e+01 5.5881e+02
1.4595e+01 8.6098e+02
1.4603e+01 1.1741e+03
1.4612e+01 1.1956e+03
1.4620e+01 1.3206e+03
1.4629e+01 1.5411e+03
1.4637e+01 2.2160e+03
1.4646e+01 1.3913e+03
1.4655e+01 1.0442e+03
1.4663e+01 9.0826e+02
1.4672e+01 1.2832e+03
1.4680e+01 1.0734e+03
1.4689e+01 8.7818e+02
1.4697e+01 1.0460e+03
1.4706e+01 1.5019e+03
1.4714e+01 1.0598e+03
1.4723e+01 8.7776e+02
1.4731e+01 7.5027e+02
1.4740e+01 6.9243e+02
1.4749e+01 9.8565e+02
1.4757e+01 1.0751e+03
1.4766e+01 1.1287e+03
1.4774e+01 1.1756e+03
1.4783e+01 1.3598e+03
1.4791e+01 1.6321e+03
1.4800e+01 1.5114e+03
1.4808e+01 1.2566e+03
1.4817e+01 1.0157e+03
1.4825e+01 8.5770e+02
1.4834e+01 1.2090e+03
1.4843e+01 1.5786e+03
1.4851e+01 1.4298e+03
1.4860e+01 1.5261e+03
1.4868e+01 1.4052e+03
1.4877e+01 1.8885e+03
1.4885e+01 2.0897e+03
1.4894e+01 1.7595e+03
1.4902e+01 1.6721e+03
1.4911e+01 1.8919e+03
1.4919e+01 1.5374e+03
1.4928e+01 1.9689e+03
1.4937e+01 1.4794e+03
1.4945e+01 1.1079e+03
1.4954e+01 1.2429e+03
1.4962e+01 1.5980e+03
1.4971e+01 1.4782e+03
1.4979e+01 1.6778e+03
1.4988e+01 1.5545e+03
1.4996e+01 1.6686e+03
1.5005e+01 7.0346e+02
1.5013e+01 5.5179e+01
1.5022e+01 7.2165e+02
1.5031e+01 1.1118e+03
1.5039e+01 1.6399e+03
1.5048e+01 1.9173e+03
1.5056e+01 1.5668e+03
1.5065e+01 1.9592e+03
1.5073e+01 1.8208e+03
1.5082e+01 1.9274e+03
1.5090e+01 2.2607e+03
1.5099e+01 2.1998e+03
1.5107e+01 1.8054e+03
1.5116e+01 1.5055e+03
1.5125e+01 1.2922e+03
1.5133e+01 1.0132e+03
1.5142e+01 1.4534e+03
1.5150e+01 1.6719e+03
1.5159e+01 1.3561e+03
1.5167e+01 1.6611e+03
1.5176e+01 1.9187e+03
1.5184e+01 1.8195e+03
1.5193e+01 2.0584e+03
1.5201e+01 1.8499e+03
1.5210e+01 1.2899e+03
1.5219e+01 1.7751e+03
1.5227e+01 1.5098e+03
1.5236e+01 1.3114e+03
1.5244e+01 9.8304e+02
1.5253e+01 9.3826e+02
1.5261e+01 8.9927e+02
1.5270e+01 1.3049e+03
1.5278e+01 1.4746e+03
1.5287e+01 1.6620e+03
1.5295e+01 2.3266e+03
1.5304e+01 1.7087e+03
1.5312e+01 1.2379e+03
1.5321e+01 1.2929e+03
1.5330e+01 1.3432e+03
1.5338e+01 1.2508e+03
1.5347e+01 1.5276e+03
1.5355e+01 1.3924e+03
1.5364e+01 1.5031e+03
1.5372e+01 8.9399e+02
1.5381e+01 1.0811e+03
1.5389e+01 9.3755e+02
1.5398e+01 1.0864e+03
1.5406e+01 9.5563e+02
1.5415e+01 1.0505e+03
1.5424e+01 1.2983e+03
1.5432e+01 1.4701e+03
1.5441e+01 1.2912e+03
1.5449e+01 9.4592e+02
1.5458e+01 8.9823e+02
1.5466e+01 8.1849e+02
1.5475e+01 1.2622e+03
1.5483e+01 1.5229e+03
1.5492e+01 1.5532e+03
1.5500e+01 1.5990e+03
1.5509e+01 1.3072e+03
1.5518e+01 1.5396e+03
1.5526e+01 1.6224e+03
1.5535e+01 1.4611e+03
1.5543e+01 9.8200e+02
1.5552e+01 7.3625e+02
1.5560e+01 1.3196e+03
1.5569e+01 9.5080e+02
1.5577e+01 8.1396e+02
1.5586e+01 1.0826e+03
1.5594e+01 8.5035e+02
1.5603e+01 1.2769e+03
1.5612e+01 1.6968e+03
1.5620e+01 2.1836e+03
1.5629e+01 2.0271e+03
1.5637e+01 1.4571e+03
1.5646e+01 1.1524e+03
1.5654e+01 3.3832e+02
1.5663e+01 3.2440e+01
1.5671e+01 2.4308e+02
1.5680e+01 4.0132e+02
1.5688e+01 6.9235e+02
1.5697e+01 4.1889e+02
1.5706e+01 1.0117e+03
1.5714e+01 8.8854e+02
1.5723e+01 1.0221e+03
1.5731e+01 9.5640e+02
1.5740e+01 1.0905e+03
1.5748e+01 8.0267e+02
1.5757e+01 -7.2167e+01
1.5765e+01 -7.4269e+02
1.5774e+01 -3.3585e+02
1.5782e+01 3.4893e+01
1.5791e+01 4.8155e+02
1.5800e+01 7.1593e+02
1.5808e+01 6.9348e+02
1.5817e+01 6.2436e+02
1.5825e+01 4.4490e+02
1.5834e+01 8.8604e+02
1.5842e+01 8.1673e+02
1.5851e+01 5.1098e+02
1.5859e+01 2.5715e+02
1.5868e+01 -2.7815e+02
1.5876e+01 -1.6490e+02
1.5885e+01 6.3587e+02
1.5894e+01 1.0697e+03
1.5902e+01 1.1899e+03
1.5911e+01 1.1658e+03
1.5919e+01 1.1193e+03
1.5928e+01 1.0372e+03
1.5936e+01 1.1813e+03
1.5945e+01 6.3657e+02
1.5953e+01 9.2594e+02
1.5962e+01 8.6826e+02
1.5970e+01 7.6313e+02
1.5979e+01 1.4259e+03
1.5988e+01 1.3811e+03
1.5996e+01 6.7636e+02
1.6005e+01 1.1970e+03
1.6013e+01 1.4015e+03
1.6022e+01 1.0922e+03
1.6030e+01 5.4076e+02
1.6039e+01 6.1324e+02
1.6047e+01 9.0543e+02
1.6056e+01 2.8881e+02
1.6064e+01 6.4057e+02
1.6073e+01 -2.6365e+02
1.6082e+01 -9.8935e+02
1.6090e+01 -9.6780e+02
1.6099e+01 -1.3113e+03
1.6107e+01 -9.3196e+02
1.6116e+01 -7.8606e+02
1.6124e+01 -2.3336e+02
1.6133e+01 -8.2595e+01
1.6141e+01 1.0664e+02
1.6150e+01 4.6352e+02
1.6158e+01 1.1286e+03
1.6167e+01 1.3981e+03
1.6176e+01 1.3499e+03
1.6184e+01 1.4440e+03
1.6193e+01 1.7431e+03
1.6201e+01 1.8369e+03
1.6210e+01 1.9898e+03
1.6218e+01 1.6004e+03
1.6227e+01 8.2527e+02
1.6235e+01 7.8049e+02
1.6244e+01 1.0892e+03
1.6252e+01 1.1757e+03
1.6261e+01 7.7564e+02
1.6270e+01 6.8632e+02
1.6278e+01 5.0198e+02
1.6287e+01 6.3668e+02
1.6295e+01 6.6251e+02
1.6304e+01 1.2701e+02
1.6312e+01 -2.2752e+02
1.6321e+01 1.4542e+02
1.6329e+01 7.8427e+02
1.6338e+01 6.6944e+02
1.6346e+01 8.3996e+02
1.6355e+01 1.1767e+03
1.6364e+01 9.9268e+02
1.6372e+01 6.5752e+02
1.6381e+01 2.2180e+02
1.6389e+01 2.1590e+02
1.6398e+01 4.1986e+02
1.6406e+01 3.7061e+02
1.6415e+01 6.6977e+02
1.6423e+01 1.0199e+03
1.6432e+01 6.8440e+02
1.6440e+01 3.0054e+02
1.6449e+01 4.0811e+02
1.6458e+01 3.1071e+00
1.6466e+01 3.3512e+02
1.6475e+01 3.9629e+02
1.6483e+01 4.6164e+02
1.6492e+01 7.2869e+01
1.6500e+01 -2.7649e+02
1.6509e+01 -2.5571e+02
1.6517e+01 1.2901e+02
1.6526e+01 7.7237e+02
1.6534e+01 8.8112e+02
1.6543e+01 8.3944e+02
1.6552e+01 7.2660e+02
1.6560e+01 1.1747e+03
1.6569e+01 7.4523e+02
1.6577e+01 8.2564e+02
1.6586e+01 9.5523e+02
1.6594e+01 5.1983e+02
1.6603e+01 -3.2971e+02
1.6611e+01 -3.8936e+02
1.6620e+01 -5.4906e+02
1.6628e+01 -2.3520e+02
1.6637e+01 -2.4327e+02
1.6646e+01 -5.0233e+02
1.6654e+01 -4.2843e+02
1.6663e+01 -7.8024e+02
1.6671e+01 -7.2301e+02
1.6680e+01 -7.0375e+02
1.6688e+01 -8.0543e+02
1.6697e+01 -6.8732e+02
1.6705e+01 -6.9900e+02
1.6714e+01 -1.0345e+03
1.6722e+01 -7.7226e+02
1.6731e+01 -1.1393e+03
1.6740e+01 -1.0147e+03
1.6748e+01 -7.6848e+02
1.6757e+01 -8.3111e+02
1.6765e+01 -1.0859e+03
1.6774e+01 -9.8652e+02
1.6782e+01 -1.1992e+03
1.6791e+01 -1.2258e+03
1.6799e+01 -1.2243e+03
1.6808e+01 -1.5346e+03
1.6816e+01 -1.7067e+03
1.6825e+01 -1.8201e+03
1.6833e+01 -2.3472e+03
1.6842e+01 -3.3767e+03
1.6851e+01 -2.6205e+03
1.6859e+01 -2.0792e+03
1.6868e+01 -1.8242e+03
1.6876e+01 -1.7594e+03
1.6885e+01 -1.7241e+03
1.6893e+01 -2.2018e+03
1.6902e+01 -2.1324e+03
1.6910e+01 -9.1817e+02
1.6919e+01 -8.7381e+02
1.6927e+01 -1.0284e+03
1.6936e+01 -8.1102e+02
1.6945e+01 -4.1190e+02
1.6953e+01 -2.7010e+02
1.6962e+01 -9.4537e+02
1.6970e+01 -4.8383e+02
1.6979e+01 -7.0351e+02
1.6987e+01 -9.2440e+02
1.6996e+01 -1.2754e+03
1.7004e+01 -1.3229e+03
1.7013e+01 -2.0899e+03
1.7021e+01 -2.1430e+03
1.7030e+01 -2.5961e+03
1.7039e+01 -2.4827e+03
1.7047e+01 -2.1849e+03
1.7056e+01 -2.8075e+03
1.7064e+01 -3.0953e+03
1.7073e+01 -2.8421e+03
1.7081e+01 -2.8552e+03
1.7090e+01 -2.4212e+03
1.7098e+01 -1.9801e+03
1.7107e+01 -1.9886e+03
1.7115e+01 -2.3494e+03
1.7124e+01 -2.2377e+03
1.7133e+01 -2.4230e+03
1.7141e+01 -2.1713e+03
1.7150e+01 -2.4097e+03
1.7158e+01 -2.6568e+03
1.7167e+01 -2.2300e+03
1.7175e+01 -2.3752e+03
1.7184e+01 -2.6640e+03
1.7192e+01 -2.4858e+03
1.7201e+01 -1.9819e+03
1.7209e+01 -2.2357e+03
1.7218e+01 -2.8623e+03
1.7227e+01 -3.0382e+03
1.7235e+01 -2.6290e+03
1.7244e+01 -2.7763e+03
1.7252e+01 -3.1007e+03
1.7261e+01 -3.4751e+03
1.7269e+01 -3.1985e+03
1.7278e+01 -2.9416e+03
1.7286e+01 -3.1121e+03
1.7295e+01 -3.5001e+03
1.7303e+01 -2.7132e+03
1.7312e+01 -3.0724e+03
1.7321e+01 -3.5370e+03
1.7329e+01 -3.1604e+03
1.7338e+01 -3.2432e+03
1.7346e+01 -3.4371e+03
1.7355e+01 -3.4817e+03
1.7363e+01 -3.4215e+03
1.7372e+01 -3.6043e+03
1.7380e+01 -3.4850e+03
1.7389e+01 -3.6910e+03
1.7397e+01 -3.6218e+03
1.7406e+01 -3.7454e+03
1.7415e+01 -3.6225e+03
1.7423e+01 -4.3410e+03
1.7432e+01 -3.1185e+04
1.7440e+01 -4.7413e+04
1.7449e+01 -4.7665e+04
1.7457e+01 -4.7402e+04
1.7466e+01 -4.7412e+04
1.7474e+01 -4.7522e+04
1.7483e+01 -4.7576e+04
1.7491e+01 -4.7774e+04
