string
harmonic number mrad integrated counts in delta E harmonic in nm delta E/E
24.0 2.4595094149605816 61225887.0 1.6501866060479955 0.04925930167307449
25.0 2.406450328191808 44243213.0 1.544914842270721 0.04803839683677616
26.0 2.574010764386666 32900370.0 1.4432338436006376 0.04667174121096589
27.0 2.722909145966145 25405832.0 1.344956591021763 0.045166452683566664
28.0 2.7047115616222652 18642856.0 1.2652246440796802 0.044062549793819704
29.0 2.7749230603433332 14363870.0 1.187946386627523 0.0428488124529828
30.0 2.744930310919341 10623076.0 1.0980525731391992 0.04097211093802982
31.0 2.5340914489728417 7265079.0 1.0552217248678346 0.040686409789680196
32.0 2.4833048892076466 5292610.0 0.98424476146144 0.03917392085418667
33.0 2.581478191926865 3659978.0 0.9297209842995215 0.03816018965408484
34.0 2.681286847526459 2478621.0 0.8766335131804794 0.03707156647778147
35.0 2.8728303166221196 1775139.0 0.8249150212585619 0.0359104797811563
36.0 4.293102997242644 1150142.0 0.7885101463769573 0.03530642446463988
37.0 5.060347890151281 1968714.0 0.7390658056896058 0.03401173483894952
38.0 5.59330460735343 2383357.0 0.7045635375974371 0.033300266702366424
39.0 3.8469491337594475 1680106.0 0.6708243070905624 0.03253998504543772
40.0 3.4049758167682587 2008017.0 0.624304943813442 0.031059947453405075
41.0 4.000667137680298 1861826.0 0.6056274780719946 0.030883988309641515
fundamental_nm: 804.0 pixel_range: 15 xxxx
