string
harmonic number mrad integrated counts in delta E harmonic in nm delta E/E
24.0 1.7447970316087273 25341964.0 1.6532088333465609 0.04910521287168003
25.0 1.7657540220321248 17409842.0 1.547787454356481 0.04788946331548517
26.0 1.8420106893108525 12324925.0 1.445956840473599 0.04652831417365541
27.0 1.7901215154056334 8286042.0 1.3630904548233573 0.04554881470325575
28.0 1.7816605254460054 6185552.0 1.2674738594454382 0.04392236146593103
29.0 1.743684179183707 4438614.0 1.174924375929919 0.04216931547273224
30.0 1.8760533787002291 3837151.0 1.1301934144560022 0.04196262677435652
31.0 1.9425693906696706 3005006.0 1.042192233409601 0.03998509806398221
32.0 1.9684394933932245 2305452.0 0.9860825349920006 0.03905277366304953
33.0 2.170419486863981 2094463.0 0.9314764694630355 0.03804297461915863
34.0 2.2362287674334973 1789276.0 0.892627879439047 0.037561074134811384
35.0 2.534291332182369 1853035.0 0.8263613016489586 0.03579535341301182
36.0 2.308267998827329 1301769.0 0.7899065550297593 0.035193856412217
37.0 2.387026599948043 1325858.0 0.740387406736005 0.03390387877380221
38.0 2.676548879310238 1486421.0 0.7058352669062344 0.03319522294856053
39.0 2.6914881534970774 1334596.0 0.6720461646617579 0.03243787180916901
40.0 2.711165371383586 1338742.0 0.6389901769600002 0.03163317707722773
41.0 2.5591890609245973 1042186.0 0.6066373807584 0.030782342340463367
fundamental_nm: 808.0 pixel_range: 15 xxxx
