string
harmonic number mrad integrated counts in delta E harmonic in nm delta E/E
24.0 2.057473567461148 18470186.0 1.6307311412000018 0.04892193423600005
25.0 1.9650961116866554 12873634.0 1.5420422301849612 0.04818881969328004
26.0 1.8362366877265668 7956900.0 1.4405108467276762 0.046816602518649476
27.0 1.8544572331451028 5693599.0 1.3423832093616 0.045305433315954
28.0 2.0018659618070545 4650256.0 1.247472299070722 0.04366153046747527
29.0 2.089218645839334 3618031.0 1.185806889084482 0.042985499729312475
30.0 2.161017430243538 2884436.0 1.0960502228745597 0.041101883357795986
31.0 2.121942792105666 2373058.0 1.053274233514557 0.04081437654868909
32.0 2.2790389367591337 2279752.0 0.9678264854332852 0.03871305941733141
33.0 2.345368781858167 1995203.0 0.9281250886963193 0.03828515990872317
34.0 2.3506019890786356 1689393.0 0.8751124251836728 0.03719227807030609
35.0 2.6336816503157743 1727746.0 0.8234687408681651 0.036026757412982224
36.0 2.7822003681922953 1633468.0 0.7871137377241624 0.03542011819758731
37.0 2.857652083118287 1616202.0 0.7377442046431995 0.034120669464747976
38.0 2.897542879506493 1452462.0 0.6895641125040015 0.03275429534394007
39.0 3.7105666752873647 2632936.0 0.6697246352764807 0.032649075969728436
40.0 2.9006793690172485 1452746.0 0.6367634038761594 0.03183817019380797
41.0 2.64387203542141 1002644.0 0.6045053639759956 0.030980899903769777
fundamental_nm: 800.0 pixel_range: 15 xxxx
