string
harmonic number mrad integrated counts in delta E harmonic in nm delta E/E
24.0 2.1040401179973363 4846699.0 1.6307311412000018 0.04892193423600005
25.0 2.1681892199324584 3907900.0 1.5420422301849612 0.04818881969328004
26.0 2.2027247731641633 3100349.0 1.4405108467276762 0.046816602518649476
27.0 2.2412402355927235 2602432.0 1.3423832093616 0.045305433315954
28.0 2.2870270427939423 2308093.0 1.247472299070722 0.04366153046747527
29.0 2.333953042219734 2092035.0 1.185806889084482 0.042985499729312475
30.0 2.5009244372634525 2155362.0 1.0960502228745597 0.041101883357795986
31.0 2.383830408342056 1855628.0 1.053274233514557 0.04081437654868909
32.0 2.501026994149294 1802023.0 0.9678264854332852 0.03871305941733141
33.0 2.507725711679899 1595711.0 0.9281250886963193 0.03828515990872317
34.0 2.691518685993055 1749026.0 0.8751124251836728 0.03719227807030609
35.0 2.7072423727576593 1521452.0 0.8234687408681651 0.036026757412982224
36.0 2.839193178566996 1588450.0 0.7871137377241624 0.03542011819758731
37.0 2.7235682927984373 1427318.0 0.7377442046431995 0.034120669464747976
38.0 2.9579984203602785 1498255.0 0.6895641125040015 0.03275429534394007
39.0 3.2200567365406965 1919046.0 0.6697246352764807 0.032649075969728436
40.0 2.673174348418423 1302848.0 0.6367634038761594 0.03183817019380797
41.0 2.673380449170635 1207447.0 0.6045053639759956 0.030980899903769777
fundamental_nm: 800.0 pixel_range: 15 xxxx
