string
harmonic number mrad integrated counts in delta E harmonic in nm delta E/E
24.0 3.0968984926763676 2717342.0 1.6307311412000018 0.04892193423600005
25.0 2.727522871316812 2350806.0 1.5420422301849612 0.04818881969328004
26.0 2.5541460538154164 2440711.0 1.4405108467276762 0.046816602518649476
27.0 2.3699779735270012 2315620.0 1.3423832093616 0.045305433315954
28.0 2.50426126772563 2504938.0 1.247472299070722 0.04366153046747527
29.0 2.3345816186093375 2193090.0 1.185806889084482 0.042985499729312475
30.0 2.379726375276279 2113331.0 1.0960502228745597 0.041101883357795986
31.0 2.4524445511591533 2136229.0 1.053274233514557 0.04081437654868909
32.0 2.5459807373592294 1991846.0 0.9678264854332852 0.03871305941733141
33.0 2.6255601937613724 1917532.0 0.9281250886963193 0.03828515990872317
34.0 2.585797836358933 1660974.0 0.8751124251836728 0.03719227807030609
35.0 2.722946068441154 1671484.0 0.8234687408681651 0.036026757412982224
36.0 2.7517472385386315 1626301.0 0.7871137377241624 0.03542011819758731
37.0 2.7255247354474768 1560814.0 0.7377442046431995 0.034120669464747976
38.0 2.8204320451739124 1562084.0 0.6895641125040015 0.03275429534394007
39.0 3.205292851565784 2139964.0 0.6697246352764807 0.032649075969728436
40.0 2.7221490518989038 1489900.0 0.6367634038761594 0.03183817019380797
41.0 2.7409204906799327 1312362.0 0.6045053639759956 0.030980899903769777
fundamental_nm: 800.0 pixel_range: 15 xxxx
