string
harmonic number mrad integrated counts in delta E harmonic in nm delta E/E
24.0 2.127319172294148 10700894.0 1.6307311412000018 0.04892193423600005
25.0 2.2533923950095462 7727308.0 1.5420422301849612 0.04818881969328004
26.0 2.220185197336925 4567283.0 1.4405108467276762 0.046816602518649476
27.0 2.089693235113275 2702398.0 1.3423832093616 0.045305433315954
28.0 2.0834681753534796 1958726.0 1.247472299070722 0.04366153046747527
29.0 2.3447277898438394 2096364.0 1.185806889084482 0.042985499729312475
30.0 2.227731207424561 2000702.0 1.0960502228745597 0.041101883357795986
31.0 2.0354864744976258 1771949.0 1.053274233514557 0.04081437654868909
32.0 2.1007101136073967 1793346.0 0.9678264854332852 0.03871305941733141
33.0 2.256042522997837 1697861.0 0.9281250886963193 0.03828515990872317
34.0 2.5053665280098034 1819274.0 0.8751124251836728 0.03719227807030609
35.0 2.6088590756366936 1710599.0 0.8234687408681651 0.036026757412982224
36.0 2.689337259339672 1666404.0 0.7871137377241624 0.03542011819758731
37.0 2.583430487789439 1402118.0 0.7377442046431995 0.034120669464747976
38.0 2.6965076780317063 1368528.0 0.6895641125040015 0.03275429534394007
39.0 3.2907537593873473 2238873.0 0.6697246352764807 0.032649075969728436
40.0 2.561529666583403 1344758.0 0.6367634038761594 0.03183817019380797
41.0 2.4160075476353735 1088090.0 0.6045053639759956 0.030980899903769777
fundamental_nm: 800.0 pixel_range: 15 xxxx
