string
harmonic number mrad integrated counts in delta E harmonic in nm delta E/E
24.0 2.5000456428733466 24541558.0 1.6501866060479955 0.04925930167307449
25.0 2.486634374293849 18389952.0 1.544914842270721 0.04803839683677616
26.0 2.3859966608752217 12743125.0 1.4432338436006376 0.04667174121096589
27.0 2.4263115613950057 8487781.0 1.344956591021763 0.045166452683566664
28.0 2.4395974632642576 5632858.0 1.2652246440796802 0.044062549793819704
29.0 2.390984261776705 3683025.0 1.187946386627523 0.0428488124529828
30.0 2.130550233166078 2387415.0 1.0980525731391992 0.04097211093802982
31.0 2.172274964567364 1861760.0 1.0552217248678346 0.040686409789680196
32.0 2.3433873011667297 1791209.0 0.98424476146144 0.03917392085418667
33.0 2.8386641448121885 1909695.0 0.9297209842995215 0.03816018965408484
34.0 2.881769230429983 1625383.0 0.8766335131804794 0.03707156647778147
35.0 3.115989456968336 1834793.0 0.8249150212585619 0.0359104797811563
36.0 3.1815653295214563 1680130.0 0.7885101463769573 0.03530642446463988
37.0 3.1634903862336836 1787897.0 0.7390658056896058 0.03401173483894952
38.0 3.1230377155901907 1712219.0 0.7045635375974371 0.033300266702366424
39.0 3.953907521089575 3043985.0 0.6708243070905624 0.03253998504543772
40.0 2.861880722737556 1586779.0 0.624304943813442 0.031059947453405075
41.0 3.235474289433421 1369131.0 0.6056274780719946 0.030883988309641515
fundamental_nm: 804.0 pixel_range: 15 xxxx
