string
harmonic number mrad integrated counts in delta E harmonic in nm delta E/E
24.0 2.1177636608880186 23946500.0 1.6307311412000018 0.04892193423600005
25.0 2.1626962663788305 14326253.0 1.5420422301849612 0.04818881969328004
26.0 2.1777093245888137 8401391.0 1.4405108467276762 0.046816602518649476
27.0 2.072711883907358 4454111.0 1.3423832093616 0.045305433315954
28.0 2.3660842686610417 3064424.0 1.247472299070722 0.04366153046747527
29.0 3.278482475997789 3336002.0 1.185806889084482 0.042985499729312475
30.0 3.5047081207656223 3280981.0 1.0960502228745597 0.041101883357795986
31.0 3.5234786597143453 3214226.0 1.053274233514557 0.04081437654868909
32.0 3.740960538584215 3700626.0 0.9678264854332852 0.03871305941733141
33.0 3.680462170457913 3505005.0 0.9281250886963193 0.03828515990872317
34.0 3.566943191341344 3082833.0 0.8751124251836728 0.03719227807030609
35.0 3.8318196643514923 3346557.0 0.8234687408681651 0.036026757412982224
36.0 3.7185065436201015 3300763.0 0.7871137377241624 0.03542011819758731
37.0 3.5121845656659456 2895414.0 0.7377442046431995 0.034120669464747976
38.0 3.389347901757189 2682893.0 0.6895641125040015 0.03275429534394007
39.0 4.809489740076115 4667301.0 0.6697246352764807 0.032649075969728436
40.0 3.5085534655299844 2730649.0 0.6367634038761594 0.03183817019380797
41.0 3.275211148940242 2271440.0 0.6045053639759956 0.030980899903769777
fundamental_nm: 800.0 pixel_range: 15 xxxx
