string
harmonic number mrad integrated counts in delta E harmonic in nm delta E/E
24.0 1.907152156682021 21098607.0 1.6307311412000018 0.04892193423600005
25.0 1.7891606305531287 12855912.0 1.5420422301849612 0.04818881969328004
26.0 1.7700285332707946 8199017.0 1.4405108467276762 0.046816602518649476
27.0 1.8546499955972018 6011863.0 1.3423832093616 0.045305433315954
28.0 1.836781983674217 4339728.0 1.247472299070722 0.04366153046747527
29.0 1.9179785953842114 3586806.0 1.185806889084482 0.042985499729312475
30.0 1.9729606681754905 3270807.0 1.0960502228745597 0.041101883357795986
31.0 1.8990835206391514 2819076.0 1.053274233514557 0.04081437654868909
32.0 1.9280470187223209 2516772.0 0.9678264854332852 0.03871305941733141
33.0 2.014323677425352 2273861.0 0.9281250886963193 0.03828515990872317
34.0 2.110497958684632 2049417.0 0.8751124251836728 0.03719227807030609
35.0 2.323320396723485 1933778.0 0.8234687408681651 0.036026757412982224
36.0 2.487682906813604 1805287.0 0.7871137377241624 0.03542011819758731
37.0 2.5099768049853886 1564801.0 0.7377442046431995 0.034120669464747976
38.0 2.5704638025897184 1430292.0 0.6895641125040015 0.03275429534394007
39.0 3.2907498716355192 2459288.0 0.6697246352764807 0.032649075969728436
40.0 2.5564629299755284 1341448.0 0.6367634038761594 0.03183817019380797
41.0 2.4658954017377224 1121567.0 0.6045053639759956 0.030980899903769777
fundamental_nm: 800.0 pixel_range: 15 xxxx
