string
harmonic number mrad integrated counts in delta E harmonic in nm delta E/E
24.0 3.617210236566815 11376095.0 1.6501866060479955 0.04925930167307449
25.0 3.151381065517347 7328739.0 1.544914842270721 0.04803839683677616
26.0 3.016388251829608 4718251.0 1.4432338436006376 0.04667174121096589
27.0 2.7356929841384052 2826775.0 1.344956591021763 0.045166452683566664
28.0 2.3461840189716225 1812753.0 1.2652246440796802 0.044062549793819704
29.0 2.639060893690316 1492305.0 1.187946386627523 0.0428488124529828
30.0 2.8352222743971316 1546509.0 1.0980525731391992 0.04097211093802982
31.0 2.5642006535358606 1284673.0 1.0552217248678346 0.040686409789680196
32.0 2.4276573205238754 1371297.0 0.98424476146144 0.03917392085418667
33.0 2.6200926715654402 1673659.0 0.9297209842995215 0.03816018965408484
34.0 2.3385688507239704 1261372.0 0.8766335131804794 0.03707156647778147
35.0 2.293012926827704 1215321.0 0.8249150212585619 0.0359104797811563
36.0 2.4579407806146776 1153373.0 0.7885101463769573 0.03530642446463988
37.0 2.3328811069872266 1107941.0 0.7390658056896058 0.03401173483894952
38.0 2.935695242987293 1601801.0 0.7045635375974371 0.033300266702366424
39.0 2.412299441660184 1032597.0 0.6708243070905624 0.03253998504543772
40.0 2.416813195161953 1121550.0 0.624304943813442 0.031059947453405075
41.0 2.529111243069693 936697.0 0.6056274780719946 0.030883988309641515
fundamental_nm: 804.0 pixel_range: 15 xxxx
