string
harmonic number mrad integrated counts in delta E harmonic in nm delta E/E
24.0 2.3941957694753184 20074474.0 1.6307311412000018 0.04892193423600005
25.0 2.203648065727626 13097174.0 1.5420422301849612 0.04818881969328004
26.0 2.085898577538231 8631357.0 1.4405108467276762 0.046816602518649476
27.0 1.9977471969769174 5967700.0 1.3423832093616 0.045305433315954
28.0 1.9537217230899366 4323013.0 1.247472299070722 0.04366153046747527
29.0 1.9783826145742935 3505129.0 1.185806889084482 0.042985499729312475
30.0 2.003823961673961 2969240.0 1.0960502228745597 0.041101883357795986
31.0 1.963849098657645 2517548.0 1.053274233514557 0.04081437654868909
32.0 1.998972584684819 2273777.0 0.9678264854332852 0.03871305941733141
33.0 2.139278367065199 2142669.0 0.9281250886963193 0.03828515990872317
34.0 2.2281025795101828 1960236.0 0.8751124251836728 0.03719227807030609
35.0 2.323111683443722 1712897.0 0.8234687408681651 0.036026757412982224
36.0 2.5499393346630734 1669025.0 0.7871137377241624 0.03542011819758731
37.0 2.634193037727065 1579102.0 0.7377442046431995 0.034120669464747976
38.0 2.8976062921828687 1562247.0 0.6895641125040015 0.03275429534394007
39.0 3.568254177127308 2610564.0 0.6697246352764807 0.032649075969728436
40.0 2.8237416469356327 1441322.0 0.6367634038761594 0.03183817019380797
41.0 2.542255387451801 1027165.0 0.6045053639759956 0.030980899903769777
fundamental_nm: 800.0 pixel_range: 15 xxxx
