string
harmonic number mrad integrated counts in delta E harmonic in nm delta E/E
24.0 1.4306058260655368 36884312.0 1.6532088333465609 0.04910521287168003
25.0 1.416518353183558 24843806.0 1.547787454356481 0.04788946331548517
26.0 1.3899191471005654 16201633.0 1.445956840473599 0.04652831417365541
27.0 1.3504561548622527 11095997.0 1.3630904548233573 0.04554881470325575
28.0 1.3366125015252854 8255436.0 1.2674738594454382 0.04392236146593103
29.0 1.3215131090387335 5898003.0 1.174924375929919 0.04216931547273224
30.0 1.357876752557135 4468252.0 1.1301934144560022 0.04196262677435652
31.0 1.3727314323795339 3309934.0 1.042192233409601 0.03998509806398221
32.0 1.479804784432718 2916697.0 0.9860825349920006 0.03905277366304953
33.0 1.8050177927497826 3179118.0 0.9314764694630355 0.03804297461915863
34.0 1.6447305062688478 2156924.0 0.892627879439047 0.037561074134811384
35.0 1.7347737522438842 1778478.0 0.8263613016489586 0.03579535341301182
36.0 1.8896870855813672 1525780.0 0.7899065550297593 0.035193856412217
37.0 2.027903670186828 1451836.0 0.740387406736005 0.03390387877380221
38.0 2.872349705513773 2232474.0 0.7058352669062344 0.03319522294856053
39.0 2.2031732028032827 1171489.0 0.6720461646617579 0.03243787180916901
40.0 2.627439164543591 1561089.0 0.6389901769600002 0.03163317707722773
41.0 2.508408422455542 997795.0 0.6066373807584 0.030782342340463367
fundamental_nm: 808.0 pixel_range: 15 xxxx
