string
harmonic number mrad integrated counts in delta E harmonic in nm delta E/E
24.0 2.16217803911705 9095851.0 1.6307311412000018 0.04892193423600005
25.0 2.1683845015080077 5712757.0 1.5420422301849612 0.04818881969328004
26.0 1.977477041109521 3092366.0 1.4405108467276762 0.046816602518649476
27.0 2.0619741879570817 2540193.0 1.3423832093616 0.045305433315954
28.0 1.9923442667475664 2107561.0 1.247472299070722 0.04366153046747527
29.0 2.0677500926479686 2138114.0 1.185806889084482 0.042985499729312475
30.0 2.025759563974066 2030121.0 1.0960502228745597 0.041101883357795986
31.0 1.940214954400446 1801723.0 1.053274233514557 0.04081437654868909
32.0 2.176179215175837 2014586.0 0.9678264854332852 0.03871305941733141
33.0 2.4068837168782866 2018281.0 0.9281250886963193 0.03828515990872317
34.0 2.383834684647757 1738737.0 0.8751124251836728 0.03719227807030609
35.0 2.597745356730943 1793690.0 0.8234687408681651 0.036026757412982224
36.0 2.67741956498298 1756648.0 0.7871137377241624 0.03542011819758731
37.0 2.5691133690969123 1520573.0 0.7377442046431995 0.034120669464747976
38.0 2.725393426128368 1522956.0 0.6895641125040015 0.03275429534394007
39.0 3.2197292384908005 2238044.0 0.6697246352764807 0.032649075969728436
40.0 2.6420454598665035 1466181.0 0.6367634038761594 0.03183817019380797
41.0 2.591829107285066 1325125.0 0.6045053639759956 0.030980899903769777
fundamental_nm: 800.0 pixel_range: 15 xxxx
