string
harmonic number mrad integrated counts in delta E harmonic in nm delta E/E
24.0 1.9705711622492479 105187165.0 1.6501866060479955 0.04925930167307449
25.0 1.8216792982729308 85711451.0 1.544914842270721 0.04803839683677616
26.0 1.7527509952905524 66459044.0 1.4432338436006376 0.04667174121096589
27.0 1.6726011469802717 48554163.0 1.344956591021763 0.045166452683566664
28.0 1.5963878572329504 34707085.0 1.2652246440796802 0.044062549793819704
29.0 1.5746599308869533 25848081.0 1.187946386627523 0.0428488124529828
30.0 1.5407710835642736 19104141.0 1.0980525731391992 0.04097211093802982
31.0 1.4999401631371954 13755898.0 1.0552217248678346 0.040686409789680196
32.0 1.5024168092077121 10070614.0 0.98424476146144 0.03917392085418667
33.0 1.5169513293569108 7670564.0 0.9297209842995215 0.03816018965408484
34.0 1.6038317185605364 6164847.0 0.8766335131804794 0.03707156647778147
35.0 1.4678946117378215 4248605.0 0.8249150212585619 0.0359104797811563
36.0 1.6323646064701811 3436507.0 0.7885101463769573 0.03530642446463988
37.0 1.890235288835532 3087877.0 0.7390658056896058 0.03401173483894952
38.0 2.7142100353145873 3942767.0 0.7045635375974371 0.033300266702366424
39.0 2.6724227335418522 2609012.0 0.6708243070905624 0.03253998504543772
40.0 2.6274951393039925 2381441.0 0.624304943813442 0.031059947453405075
41.0 3.7157845886075593 2096083.0 0.6056274780719946 0.030883988309641515
fundamental_nm: 804.0 pixel_range: 15 xxxx
