string
harmonic number mrad integrated counts in delta E harmonic in nm delta E/E
24.0 2.2056960639266223 5133741.0 1.6307311412000018 0.04892193423600005
25.0 2.2145412363586443 4704201.0 1.5420422301849612 0.04818881969328004
26.0 2.21830077669072 3941944.0 1.4405108467276762 0.046816602518649476
27.0 2.129292889987767 3115109.0 1.3423832093616 0.045305433315954
28.0 2.109227924105424 2736478.0 1.247472299070722 0.04366153046747527
29.0 2.1281162682407073 2442272.0 1.185806889084482 0.042985499729312475
30.0 2.295893642130888 2379145.0 1.0960502228745597 0.041101883357795986
31.0 2.338422555864185 2215828.0 1.053274233514557 0.04081437654868909
32.0 2.3951067950149443 1969715.0 0.9678264854332852 0.03871305941733141
33.0 2.405042849795866 1710240.0 0.9281250886963193 0.03828515990872317
34.0 2.405805300646056 1460024.0 0.8751124251836728 0.03719227807030609
35.0 2.7486189130309815 1672014.0 0.8234687408681651 0.036026757412982224
36.0 2.8829566530197765 1704811.0 0.7871137377241624 0.03542011819758731
37.0 2.709822373526935 1495971.0 0.7377442046431995 0.034120669464747976
38.0 2.7478941080060793 1415114.0 0.6895641125040015 0.03275429534394007
39.0 3.3674077312463346 2283421.0 0.6697246352764807 0.032649075969728436
40.0 2.689179831739261 1397227.0 0.6367634038761594 0.03183817019380797
41.0 2.590044731080055 1130461.0 0.6045053639759956 0.030980899903769777
fundamental_nm: 800.0 pixel_range: 15 xxxx
