string
harmonic number mrad integrated counts in delta E harmonic in nm delta E/E
24.0 2.471199174627633 3494655.0 1.6307311412000018 0.04892193423600005
25.0 2.5280600086727874 3577243.0 1.5420422301849612 0.04818881969328004
26.0 2.476514498777477 3214173.0 1.4405108467276762 0.046816602518649476
27.0 2.330194919152436 2766647.0 1.3423832093616 0.045305433315954
28.0 2.3030886880217927 2527434.0 1.247472299070722 0.04366153046747527
29.0 2.239987498755045 2224819.0 1.185806889084482 0.042985499729312475
30.0 2.230337433124233 2025024.0 1.0960502228745597 0.041101883357795986
31.0 2.2516500537839472 1918849.0 1.053274233514557 0.04081437654868909
32.0 2.430241342811249 2079318.0 0.9678264854332852 0.03871305941733141
33.0 2.3590634461182 1720320.0 0.9281250886963193 0.03828515990872317
34.0 2.4909248683769825 1703245.0 0.8751124251836728 0.03719227807030609
35.0 2.5348561695191942 1607058.0 0.8234687408681651 0.036026757412982224
36.0 2.624096093335633 1621749.0 0.7871137377241624 0.03542011819758731
37.0 2.5346430858875864 1465893.0 0.7377442046431995 0.034120669464747976
38.0 2.7491831909535 1631628.0 0.6895641125040015 0.03275429534394007
39.0 2.7822672706586116 1696603.0 0.6697246352764807 0.032649075969728436
40.0 2.4768906180754455 1333102.0 0.6367634038761594 0.03183817019380797
41.0 2.468776090344035 1189467.0 0.6045053639759956 0.030980899903769777
fundamental_nm: 800.0 pixel_range: 15 xxxx
