string
harmonic number mrad integrated counts in delta E harmonic in nm delta E/E
24.0 1.8451698808669552 12642625.0 1.6307311412000018 0.04892193423600005
25.0 1.797584084189559 9271546.0 1.5420422301849612 0.04818881969328004
26.0 1.8086098107021584 8502548.0 1.4405108467276762 0.046816602518649476
27.0 1.6957374655577637 7245597.0 1.3423832093616 0.045305433315954
28.0 1.7533113812317511 6946948.0 1.247472299070722 0.04366153046747527
29.0 1.8019411540417503 6242616.0 1.185806889084482 0.042985499729312475
30.0 1.8601459882038225 5593943.0 1.0960502228745597 0.041101883357795986
31.0 1.921119054023031 4670616.0 1.053274233514557 0.04081437654868909
32.0 2.037631139674206 3857420.0 0.9678264854332852 0.03871305941733141
33.0 2.0850898688156936 2790760.0 0.9281250886963193 0.03828515990872317
34.0 2.3141862691049813 2265798.0 0.8751124251836728 0.03719227807030609
35.0 2.705698054175434 2121641.0 0.8234687408681651 0.036026757412982224
36.0 2.759515881947545 1756078.0 0.7871137377241624 0.03542011819758731
37.0 2.6766974559441756 1616547.0 0.7377442046431995 0.034120669464747976
38.0 2.713027417654642 1539092.0 0.6895641125040015 0.03275429534394007
39.0 3.600202506171053 2639368.0 0.6697246352764807 0.032649075969728436
40.0 2.7758174887075513 1502798.0 0.6367634038761594 0.03183817019380797
41.0 2.9044937544666043 1372965.0 0.6045053639759956 0.030980899903769777
fundamental_nm: 800.0 pixel_range: 15 xxxx
