string
harmonic number mrad integrated counts in delta E harmonic in nm delta E/E
24.0 1.858606037329499 101197415.0 1.6501866060479955 0.04925930167307449
25.0 1.7914918398571444 68191496.0 1.544914842270721 0.04803839683677616
26.0 1.8157860765633655 48165924.0 1.4432338436006376 0.04667174121096589
27.0 1.8634193338898966 35499354.0 1.344956591021763 0.045166452683566664
28.0 1.835966540996293 25740213.0 1.2652246440796802 0.044062549793819704
29.0 1.8258171736948468 19304766.0 1.187946386627523 0.0428488124529828
30.0 1.7524892734784006 14690431.0 1.0980525731391992 0.04097211093802982
31.0 1.7150145344326537 11486774.0 1.0552217248678346 0.040686409789680196
32.0 1.6461733543399202 8932136.0 0.98424476146144 0.03917392085418667
33.0 1.6175306200695774 6719336.0 0.9297209842995215 0.03816018965408484
34.0 1.5437908241335654 4777333.0 0.8766335131804794 0.03707156647778147
35.0 1.46795629059402 3247379.0 0.8249150212585619 0.0359104797811563
36.0 1.744541735952553 2221538.0 0.7885101463769573 0.03530642446463988
37.0 2.5940821237400202 1872783.0 0.7390658056896058 0.03401173483894952
38.0 5.962722089428288 3627690.0 0.7045635375974371 0.033300266702366424
39.0 7.596815188956997 1982224.0 0.6708243070905624 0.03253998504543772
40.0 5.881857263422745 2481808.0 0.624304943813442 0.031059947453405075
41.0 7.365341129039482 2072377.0 0.6056274780719946 0.030883988309641515
fundamental_nm: 804.0 pixel_range: 15 xxxx
