string
harmonic number mrad integrated counts in delta E harmonic in nm delta E/E
24.0 2.6696042994303317 13341911.0 1.6307311412000018 0.04892193423600005
25.0 2.555876541734047 9408778.0 1.5420422301849612 0.04818881969328004
26.0 2.465120971117512 6262637.0 1.4405108467276762 0.046816602518649476
27.0 2.299291050553161 3980371.0 1.3423832093616 0.045305433315954
28.0 2.060648911884337 2475860.0 1.247472299070722 0.04366153046747527
29.0 2.2855625536690987 2411802.0 1.185806889084482 0.042985499729312475
30.0 2.484872600005505 2443102.0 1.0960502228745597 0.041101883357795986
31.0 2.3537198398057577 2060535.0 1.053274233514557 0.04081437654868909
32.0 2.507444206368728 2126599.0 0.9678264854332852 0.03871305941733141
33.0 2.527935131894336 1828341.0 0.9281250886963193 0.03828515990872317
34.0 2.6570762724824832 1753745.0 0.8751124251836728 0.03719227807030609
35.0 2.7660552986010285 1701563.0 0.8234687408681651 0.036026757412982224
36.0 2.9665321579576114 1814509.0 0.7871137377241624 0.03542011819758731
37.0 2.831861368714491 1620539.0 0.7377442046431995 0.034120669464747976
38.0 2.8230882092572283 1490788.0 0.6895641125040015 0.03275429534394007
39.0 3.6775116938483556 2603652.0 0.6697246352764807 0.032649075969728436
40.0 2.8504585678825487 1460227.0 0.6367634038761594 0.03183817019380797
41.0 2.70542521415069 1248480.0 0.6045053639759956 0.030980899903769777
fundamental_nm: 800.0 pixel_range: 15 xxxx
