string
harmonic number mrad integrated counts in delta E harmonic in nm delta E/E
24.0 2.296994970378809 3305629.0 1.6307311412000018 0.04892193423600005
25.0 2.3560304327788013 3260047.0 1.5420422301849612 0.04818881969328004
26.0 2.3154539722664285 2889235.0 1.4405108467276762 0.046816602518649476
27.0 2.1989341092417174 2499918.0 1.3423832093616 0.045305433315954
28.0 2.152760286737533 2244489.0 1.247472299070722 0.04366153046747527
29.0 2.2568080300420346 2249907.0 1.185806889084482 0.042985499729312475
30.0 2.0766964765737987 1772588.0 1.0960502228745597 0.041101883357795986
31.0 2.292720476532225 1971515.0 1.053274233514557 0.04081437654868909
32.0 2.221376737656244 1741799.0 0.9678264854332852 0.03871305941733141
33.0 2.4209352022382333 1818165.0 0.9281250886963193 0.03828515990872317
34.0 2.388071805244429 1599064.0 0.8751124251836728 0.03719227807030609
35.0 2.569247770285558 1616906.0 0.8234687408681651 0.036026757412982224
36.0 2.636465979271631 1651847.0 0.7871137377241624 0.03542011819758731
37.0 2.451151295246387 1377821.0 0.7377442046431995 0.034120669464747976
38.0 2.525405172413586 1398722.0 0.6895641125040015 0.03275429534394007
39.0 2.6689620950972293 1680042.0 0.6697246352764807 0.032649075969728436
40.0 2.4408391258678614 1340423.0 0.6367634038761594 0.03183817019380797
41.0 2.2647866824420397 1100552.0 0.6045053639759956 0.030980899903769777
fundamental_nm: 800.0 pixel_range: 15 xxxx
