string
harmonic number mrad integrated counts in delta E harmonic in nm delta E/E
24.0 2.4910595064312253 7953197.0 1.6307311412000018 0.04892193423600005
25.0 2.313816465776905 5875245.0 1.5420422301849612 0.04818881969328004
26.0 2.169097556156032 4045832.0 1.4405108467276762 0.046816602518649476
27.0 2.089379938503728 2842092.0 1.3423832093616 0.045305433315954
28.0 2.030215546206099 2205411.0 1.247472299070722 0.04366153046747527
29.0 2.2927563817814542 2312059.0 1.185806889084482 0.042985499729312475
30.0 2.4987063344045857 2304680.0 1.0960502228745597 0.041101883357795986
31.0 2.49936241681688 2062736.0 1.053274233514557 0.04081437654868909
32.0 2.7746294899168835 2260190.0 0.9678264854332852 0.03871305941733141
33.0 2.8048900886398407 1960827.0 0.9281250886963193 0.03828515990872317
34.0 2.8504270581925506 1717671.0 0.8751124251836728 0.03719227807030609
35.0 2.9764525431162423 1599920.0 0.8234687408681651 0.036026757412982224
36.0 3.2276663618306634 1774582.0 0.7871137377241624 0.03542011819758731
37.0 2.8870930174365963 1497032.0 0.7377442046431995 0.034120669464747976
38.0 2.965012048198209 1476681.0 0.6895641125040015 0.03275429534394007
39.0 3.73686069121248 2520845.0 0.6697246352764807 0.032649075969728436
40.0 2.9176997610560504 1565493.0 0.6367634038761594 0.03183817019380797
41.0 2.8752878550197503 1257265.0 0.6045053639759956 0.030980899903769777
fundamental_nm: 800.0 pixel_range: 15 xxxx
