string
harmonic number mrad integrated counts in delta E harmonic in nm delta E/E
24.0 2.189099697924489 52218478.0 1.6501866060479955 0.04925930167307449
25.0 2.116940666278047 38377099.0 1.544914842270721 0.04803839683677616
26.0 2.127471354458947 27851141.0 1.4432338436006376 0.04667174121096589
27.0 2.140016914509307 21095805.0 1.344956591021763 0.045166452683566664
28.0 2.0843043043001104 14873261.0 1.2652246440796802 0.044062549793819704
29.0 2.053869280157752 10697283.0 1.187946386627523 0.0428488124529828
30.0 2.016216461542336 7419779.0 1.0980525731391992 0.04097211093802982
31.0 1.987015456491307 4965035.0 1.0552217248678346 0.040686409789680196
32.0 1.8753239257495085 3220004.0 0.98424476146144 0.03917392085418667
33.0 2.533923319536316 3563570.0 0.9297209842995215 0.03816018965408484
34.0 2.102332885545262 1971606.0 0.8766335131804794 0.03707156647778147
35.0 2.3367320743229123 2123605.0 0.8249150212585619 0.0359104797811563
36.0 2.6174445002282005 2325967.0 0.7885101463769573 0.03530642446463988
37.0 3.0035094194635983 2620703.0 0.7390658056896058 0.03401173483894952
38.0 3.4146856098074796 2519390.0 0.7045635375974371 0.033300266702366424
39.0 3.2292664698973823 1658303.0 0.6708243070905624 0.03253998504543772
40.0 3.42585154999081 2058281.0 0.624304943813442 0.031059947453405075
41.0 3.940352011609783 1623111.0 0.6056274780719946 0.030883988309641515
fundamental_nm: 804.0 pixel_range: 15 xxxx
