string
harmonic number mrad integrated counts in delta E harmonic in nm delta E/E
25.0 1.4623511339899484 14679941.0 1.547787454356481 0.04788946331548517
26.0 1.5608013442758555 10998564.0 1.445956840473599 0.04652831417365541
27.0 1.6583911958841053 8435070.0 1.3630904548233573 0.04554881470325575
28.0 1.6972346949004282 6337994.0 1.2674738594454382 0.04392236146593103
29.0 1.8799764674601973 5560796.0 1.174924375929919 0.04216931547273224
30.0 1.9648833604884848 4823132.0 1.1301934144560022 0.04196262677435652
31.0 2.180712120195756 4533271.0 1.042192233409601 0.03998509806398221
32.0 2.26760523568063 3888183.0 0.9860825349920006 0.03905277366304953
33.0 2.523974082334282 3577498.0 0.9314764694630355 0.03804297461915863
34.0 2.826131391356149 3500462.0 0.892627879439047 0.037561074134811384
35.0 3.1113033715391882 3416879.0 0.8263613016489586 0.03579535341301182
36.0 3.300211187396002 3195827.0 0.7899065550297593 0.035193856412217
37.0 3.3714337735550046 3091598.0 0.740387406736005 0.03390387877380221
38.0 3.466562752621117 3114044.0 0.7058352669062344 0.03319522294856053
39.0 3.531347438650732 3177289.0 0.6720461646617579 0.03243787180916901
40.0 3.630326567520658 3519937.0 0.6389901769600002 0.03163317707722773
41.0 3.758609940301209 3147687.0 0.6066373807584 0.030782342340463367
fundamental_nm: 808.0 pixel_range: 15 xxxx
