string
harmonic number mrad integrated counts in delta E harmonic in nm delta E/E
24.0 3.5426463248945392 4638765.0 1.6501866060479955 0.04925930167307449
25.0 2.6408883841500588 3527280.0 1.544914842270721 0.04803839683677616
26.0 2.144438548433223 2491688.0 1.4432338436006376 0.04667174121096589
27.0 1.8727871087965058 2142015.0 1.344956591021763 0.045166452683566664
28.0 1.9598348675503785 2300668.0 1.2652246440796802 0.044062549793819704
29.0 1.9425218291974438 1954339.0 1.187946386627523 0.0428488124529828
30.0 2.1763753372984382 1886674.0 1.0980525731391992 0.04097211093802982
31.0 2.3132188748866715 1722356.0 1.0552217248678346 0.040686409789680196
32.0 2.8629664187471606 2323680.0 0.98424476146144 0.03917392085418667
33.0 3.203278924204775 2449957.0 0.9297209842995215 0.03816018965408484
34.0 2.8621123463541074 1759867.0 0.8766335131804794 0.03707156647778147
35.0 2.9856834360608957 1621521.0 0.8249150212585619 0.0359104797811563
36.0 3.200625607330304 1684070.0 0.7885101463769573 0.03530642446463988
37.0 3.1450852431057204 1559776.0 0.7390658056896058 0.03401173483894952
38.0 3.416930462563821 1769315.0 0.7045635375974371 0.033300266702366424
39.0 3.9709311578085895 2715688.0 0.6708243070905624 0.03253998504543772
40.0 3.0727875710939845 1614107.0 0.624304943813442 0.031059947453405075
41.0 3.038416830840773 1114749.0 0.6056274780719946 0.030883988309641515
fundamental_nm: 804.0 pixel_range: 15 xxxx
