string
harmonic number mrad integrated counts in delta E harmonic in nm delta E/E
24.0 2.1635572248889465 5410276.0 1.6307311412000018 0.04892193423600005
25.0 2.3333878847533867 5068111.0 1.5420422301849612 0.04818881969328004
26.0 2.2151741499654296 3639522.0 1.4405108467276762 0.046816602518649476
27.0 2.3140251266233864 3190379.0 1.3423832093616 0.045305433315954
28.0 2.448984544584952 2904513.0 1.247472299070722 0.04366153046747527
29.0 2.487769485529835 2500879.0 1.185806889084482 0.042985499729312475
30.0 2.700268734120074 2513321.0 1.0960502228745597 0.041101883357795986
31.0 2.6384230939394913 2224693.0 1.053274233514557 0.04081437654868909
32.0 2.8269048764886704 2322596.0 0.9678264854332852 0.03871305941733141
33.0 2.9011015300018483 2210806.0 0.9281250886963193 0.03828515990872317
34.0 2.8197501326600056 1918825.0 0.8751124251836728 0.03719227807030609
35.0 2.8884413402705853 1827625.0 0.8234687408681651 0.036026757412982224
36.0 3.099902056928758 1966394.0 0.7871137377241624 0.03542011819758731
37.0 2.878635695055888 1694285.0 0.7377442046431995 0.034120669464747976
38.0 3.010152023659611 1675547.0 0.6895641125040015 0.03275429534394007
39.0 3.3827358659634283 2259189.0 0.6697246352764807 0.032649075969728436
40.0 3.016722773751712 1756580.0 0.6367634038761594 0.03183817019380797
41.0 2.6833610200742064 1323486.0 0.6045053639759956 0.030980899903769777
fundamental_nm: 800.0 pixel_range: 15 xxxx
