string
harmonic number mrad integrated counts in delta E harmonic in nm delta E/E
24.0 1.0951741536458326 0.0 1.661268106142721 0.04868184926425556
25.0 1.9516635833672358 3130934.0 1.5554477532518405 0.04748009014810258
26.0 2.08633296463164 2812532.0 1.453218165468158 0.04613391001486216
27.0 2.0918448365115507 2385154.0 1.3700326006972787 0.0451659099130971
28.0 1.983480633563539 1946046.0 1.2894503406291236 0.044083772329200806
29.0 1.9205708517164455 1669299.0 1.1961153772464002 0.042353291746209526
30.0 1.9817696243039942 1625275.0 1.1358039849359969 0.041604541572747136
31.0 2.0961704696855312 1509977.0 1.0623035116070412 0.04020929042712854
32.0 1.9343500017356403 1236341.0 0.9909275742998389 0.03871756090060421
33.0 2.1490748926016074 1367459.0 0.9506501589935965 0.038304585160914145
34.0 2.6986268371395488 2027498.0 0.8969567462627239 0.03723629960065032
35.0 2.335998660074103 1424984.0 0.8304108867420794 0.0354876447325675
36.0 2.410260356213163 1291673.0 0.8079207266611164 0.03551299897411501
37.0 2.5489031578220644 1368131.0 0.7579253032732822 0.034240825666802734
38.0 3.0326096819633417 2045260.0 0.7091417631091232 0.032902792427529526
39.0 2.532392494600518 1353860.0 0.6889407157839997 0.03280670075161903
40.0 2.4073932712511215 1219137.0 0.6419201415439986 0.03135141106441995
41.0 2.279712934022317 1161799.0 0.6094426659984009 0.03050933981188576
fundamental_nm: 819.0 pixel_range: 15 xxxx
