string
harmonic number mrad integrated counts in delta E harmonic in nm delta E/E
24.0 2.3116841757223905 45578135.0 1.6307311412000018 0.04892193423600005
25.0 2.157605607193739 32988002.0 1.5420422301849612 0.04818881969328004
26.0 1.9653918272749515 24281278.0 1.4405108467276762 0.046816602518649476
27.0 1.8204369508990634 18013625.0 1.3423832093616 0.045305433315954
28.0 1.6259147495941453 12687277.0 1.247472299070722 0.04366153046747527
29.0 1.4970310567353051 8693548.0 1.185806889084482 0.042985499729312475
30.0 1.3587370300884376 5682454.0 1.0960502228745597 0.041101883357795986
31.0 1.2157408111985117 3477089.0 1.053274233514557 0.04081437654868909
32.0 2.1696554022215437 4052846.0 0.9678264854332852 0.03871305941733141
33.0 3.4420758024241254 4589669.0 0.9281250886963193 0.03828515990872317
34.0 3.6673910009966644 3208068.0 0.8751124251836728 0.03719227807030609
35.0 4.645080791788233 3418943.0 0.8234687408681651 0.036026757412982224
36.0 5.020687185864264 2808362.0 0.7871137377241624 0.03542011819758731
37.0 6.196631378777937 2800584.0 0.7377442046431995 0.034120669464747976
38.0 5.773049192375678 2400005.0 0.6895641125040015 0.03275429534394007
39.0 8.18662976145621 5539202.0 0.6697246352764807 0.032649075969728436
40.0 5.863069135484688 3081690.0 0.6367634038761594 0.03183817019380797
41.0 5.64493143600071 2526993.0 0.6045053639759956 0.030980899903769777
fundamental_nm: 800.0 pixel_range: 15 xxxx
