string
harmonic number mrad integrated counts in delta E harmonic in nm delta E/E
24.0 1.9720467266891304 6605158.0 1.6307311412000018 0.04892193423600005
25.0 2.1374565676621207 5204885.0 1.5420422301849612 0.04818881969328004
26.0 2.0610753298429807 3389777.0 1.4405108467276762 0.046816602518649476
27.0 2.3171642396006153 3162853.0 1.3423832093616 0.045305433315954
28.0 2.274553655325305 2505896.0 1.247472299070722 0.04366153046747527
29.0 2.2672456848371683 2142783.0 1.185806889084482 0.042985499729312475
30.0 2.482571574532207 2241435.0 1.0960502228745597 0.041101883357795986
31.0 2.3059987452433104 1852318.0 1.053274233514557 0.04081437654868909
32.0 2.654615919697043 2151348.0 0.9678264854332852 0.03871305941733141
33.0 2.6377646963599 1800543.0 0.9281250886963193 0.03828515990872317
34.0 2.6470618910349057 1579392.0 0.8751124251836728 0.03719227807030609
35.0 2.8952688474371753 1619867.0 0.8234687408681651 0.036026757412982224
36.0 2.8966960511229636 1478440.0 0.7871137377241624 0.03542011819758731
37.0 3.022946155749848 1605088.0 0.7377442046431995 0.034120669464747976
38.0 3.0239243843465307 1485255.0 0.6895641125040015 0.03275429534394007
39.0 3.6467492367919547 2337745.0 0.6697246352764807 0.032649075969728436
40.0 2.8579929757147426 1405039.0 0.6367634038761594 0.03183817019380797
41.0 2.731309345067069 1191603.0 0.6045053639759956 0.030980899903769777
fundamental_nm: 800.0 pixel_range: 15 xxxx
