string
harmonic number mrad integrated counts in delta E harmonic in nm delta E/E
24.0 1.8283324496342077 81591680.0 1.6501866060479955 0.04925930167307449
25.0 1.7001239075312666 64571427.0 1.544914842270721 0.04803839683677616
26.0 1.6002467218249818 45683662.0 1.4432338436006376 0.04667174121096589
27.0 1.4926864370187363 29649009.0 1.344956591021763 0.045166452683566664
28.0 1.5252251816251823 21134277.0 1.2652246440796802 0.044062549793819704
29.0 1.4955877010136698 13216741.0 1.187946386627523 0.0428488124529828
30.0 1.4566909605440355 8058730.0 1.0980525731391992 0.04097211093802982
31.0 1.4365297565087722 4959631.0 1.0552217248678346 0.040686409789680196
32.0 1.5481676441044545 3961352.0 0.98424476146144 0.03917392085418667
33.0 2.105681964452118 5254739.0 0.9297209842995215 0.03816018965408484
34.0 1.8815418121937917 3876459.0 0.8766335131804794 0.03707156647778147
35.0 1.9960899829308119 3883894.0 0.8249150212585619 0.0359104797811563
36.0 2.362669848711006 4208561.0 0.7885101463769573 0.03530642446463988
37.0 2.463255095459946 3477304.0 0.7390658056896058 0.03401173483894952
38.0 2.7185755309355257 2957422.0 0.7045635375974371 0.033300266702366424
39.0 3.2140615389759066 2715031.0 0.6708243070905624 0.03253998504543772
40.0 3.3475256558950237 2728699.0 0.624304943813442 0.031059947453405075
41.0 3.84072371919357 2260615.0 0.6056274780719946 0.030883988309641515
fundamental_nm: 804.0 pixel_range: 15 xxxx
