string
harmonic number mrad integrated counts in delta E harmonic in nm delta E/E
24.0 1.8835014276729516 29066432.0 1.6532088333465609 0.04910521287168003
25.0 1.9060796660877943 20998908.0 1.547787454356481 0.04788946331548517
26.0 1.8844417099219148 15516227.0 1.445956840473599 0.04652831417365541
27.0 1.798733877026569 11059756.0 1.3630904548233573 0.04554881470325575
28.0 1.7858841613271066 8245294.0 1.2674738594454382 0.04392236146593103
29.0 1.6626270230079063 5902912.0 1.174924375929919 0.04216931547273224
30.0 1.826408813432756 4401060.0 1.1301934144560022 0.04196262677435652
31.0 2.2637171571476085 3403255.0 1.042192233409601 0.03998509806398221
32.0 2.5161291594857795 2616673.0 0.9860825349920006 0.03905277366304953
33.0 2.985826100862001 2385409.0 0.9314764694630355 0.03804297461915863
34.0 2.68326153290969 1629462.0 0.892627879439047 0.037561074134811384
35.0 3.1177288913997563 1364888.0 0.8263613016489586 0.03579535341301182
36.0 3.3543573136128515 1228920.0 0.7899065550297593 0.035193856412217
37.0 3.4095666620429634 1298644.0 0.740387406736005 0.03390387877380221
38.0 3.387585097219791 1295530.0 0.7058352669062344 0.03319522294856053
39.0 3.323125405592587 1302056.0 0.6720461646617579 0.03243787180916901
40.0 3.1639326555214673 1373878.0 0.6389901769600002 0.03163317707722773
41.0 3.3161220953893 1236375.0 0.6066373807584 0.030782342340463367
fundamental_nm: 808.0 pixel_range: 15 xxxx
