string
harmonic number mrad integrated counts in delta E harmonic in nm delta E/E
24.0 1.6911656770925876 39879152.0 1.6532088333465609 0.04910521287168003
25.0 1.659100687413844 32919458.0 1.547787454356481 0.04788946331548517
26.0 1.6564434238039403 26805189.0 1.445956840473599 0.04652831417365541
27.0 1.6268765793206765 20506207.0 1.3630904548233573 0.04554881470325575
28.0 1.5652253005389016 15246209.0 1.2674738594454382 0.04392236146593103
29.0 1.4731124874584967 11152080.0 1.174924375929919 0.04216931547273224
30.0 1.4453799089777815 8994646.0 1.1301934144560022 0.04196262677435652
31.0 1.4217550696896137 6817204.0 1.042192233409601 0.03998509806398221
32.0 1.4955528269597043 5674471.0 0.9860825349920006 0.03905277366304953
33.0 1.7764442504627036 5843450.0 0.9314764694630355 0.03804297461915863
34.0 1.5749336921917267 3887489.0 0.892627879439047 0.037561074134811384
35.0 1.5850766780552141 2985794.0 0.8263613016489586 0.03579535341301182
36.0 1.7357015942076952 2512283.0 0.7899065550297593 0.035193856412217
37.0 2.1870853834010346 2765384.0 0.740387406736005 0.03390387877380221
38.0 3.203148958444138 3911120.0 0.7058352669062344 0.03319522294856053
39.0 2.68574724768854 1927605.0 0.6720461646617579 0.03243787180916901
40.0 3.0205232612472193 2247932.0 0.6389901769600002 0.03163317707722773
41.0 3.6718939254613723 1446657.0 0.6066373807584 0.030782342340463367
fundamental_nm: 808.0 pixel_range: 15 xxxx
