string
harmonic number mrad integrated counts in delta E harmonic in nm delta E/E
24.0 2.241805963539289 65215202.0 1.6501866060479955 0.04925930167307449
25.0 2.116582447140367 43647514.0 1.544914842270721 0.04803839683677616
26.0 2.113114565706345 29926765.0 1.4432338436006376 0.04667174121096589
27.0 2.0966576998286786 20520633.0 1.344956591021763 0.045166452683566664
28.0 2.0619951185266254 14072751.0 1.2652246440796802 0.044062549793819704
29.0 2.0053792634547283 9890007.0 1.187946386627523 0.0428488124529828
30.0 1.8509875087661403 7053454.0 1.0980525731391992 0.04097211093802982
31.0 1.7942438273468153 5463556.0 1.0552217248678346 0.040686409789680196
32.0 1.6247926555537053 3946039.0 0.98424476146144 0.03917392085418667
33.0 1.7580548231686843 3195897.0 0.9297209842995215 0.03816018965408484
34.0 1.9331526234238399 2649577.0 0.8766335131804794 0.03707156647778147
35.0 2.022781008732432 2353301.0 0.8249150212585619 0.0359104797811563
36.0 2.315567752669533 2213628.0 0.7885101463769573 0.03530642446463988
37.0 2.5348208573351148 2049934.0 0.7390658056896058 0.03401173483894952
38.0 3.528754590382512 2645008.0 0.7045635375974371 0.033300266702366424
39.0 3.2958736130508886 1726025.0 0.6708243070905624 0.03253998504543772
40.0 3.1820626649945796 1753972.0 0.624304943813442 0.031059947453405075
41.0 3.9023383508795373 1658006.0 0.6056274780719946 0.030883988309641515
fundamental_nm: 804.0 pixel_range: 15 xxxx
