string
harmonic number mrad integrated counts in delta E harmonic in nm delta E/E
16.0 1.6768574738012365 332538290.0 0.16222529458080004 0.0032410199848140466
17.0 1.6765568322386364 280130463.0 0.1577617740655981 0.0033433442236888624
18.0 1.8718891632766237 184567613.0 0.15362241984480107 0.0034444579448066294
19.0 1.7320841965922842 137909551.0 0.1497573601808 0.003543598801111663
20.0 1.5812010138231165 117198206.0 0.1461915309423958 0.003641808001699372
21.0 1.477522263340577 107348732.0 0.1428750603919937 0.0037384335654095215
22.0 1.3341736175776027 79127569.0 0.13978301266079995 0.0038333622740257785
23.0 1.4128826121312739 82967852.0 0.13689045187999227 0.003926435310762137
24.0 1.4448511573170308 68850524.0 0.13419737804959908 0.00401817646353651
25.0 1.4978137357210577 57325219.0 0.1316788553008017 0.0041083793777783465
26.0 1.5923675891769338 48675161.0 0.1293099477647992 0.004196749708799832
27.0 1.7613272631374182 42231717.0 0.12706571957280133 0.004282897543869949
28.0 2.27489831925732 36577760.0 0.12499604246239926 0.004368946636106745
29.0 10.293680842581367 34363015.0 0.12300117295839996 0.004451872027706521
30.0 11.740459196895076 32260245.0 0.12115591866720266 0.004534702135660801
31.0 13.431910802655313 30761283.0 0.11938547198240101 0.0046150623875239665
