string
harmonic number mrad integrated counts in delta E harmonic in nm delta E/E
16.0 1.759186194173108 528218074.0 0.2430574133472021 0.00486764109213839
17.0 1.6827811776826342 507716687.0 0.2363621325743992 0.005021352596304587
18.0 1.6013661145644713 409185974.0 0.23015310124319655 0.005173196027268324
19.0 1.5317521240443694 326726858.0 0.2243929155503963 0.00532292058926496
20.0 1.4670770261757267 282400907.0 0.21904417169280066 0.005470370757032461
21.0 1.4155222865835198 239470631.0 0.21406946586719755 0.005615411903487706
22.0 1.3552429677325422 162611937.0 0.20943139427039625 0.0057578778513693845
23.0 1.4102216864642076 147239650.0 0.20509255309919894 0.005897533125913539
24.0 1.465512623972736 115055899.0 0.2010529423536056 0.00603516818654474
25.0 1.5147009035271122 92227902.0 0.19727515823040065 0.006170475071603986
26.0 1.6101729893399122 76070404.0 0.19372179692640046 0.006303013156712943
27.0 1.756851071700757 64539087.0 0.19039285844159792 0.006433461731325714
28.0 2.0707444818811607 56647445.0 0.18725093897279876 0.0065612242055917945
29.0 12.864365703749758 52000986.0 0.18429603851999943 0.0066869019367383035
30.0 15.029621635333825 49115332.0 0.18152815708319636 0.006811118099058194
31.0 17.920841747138255 46932172.0 0.178872487056001 0.006931613615776508
32.0 17.8494302551131 44907836.0 0.17640383604480192 0.007051756590162786
fundamental_nm: 800.0 pixel_range: 15 xxxx
